0 -0.187492341
1 -0.037320249
2 0.310771405
3 0.199415996
4 0.083586923
5 -0.112415165
6 -0.192953228
7 0.166275016
8 0.126548437
9 0.176125895
10 0.069751125
11 0.498971317
12 0.138961272
13 -0.138079717
14 0.045189573
15 0.499283315
16 0.010507886
17 0.062513498
18 0.034191210
19 0.000000000
20 0.432874506
21 0.068196479
22 0.080376570
23 0.068475506
24 0.147688458
25 0.024056920
26 0.329492284
27 0.386440994
28 0.980516642
29 2.334965764
30 27.895066102
31 9.050492937
32 0.000000000
33 0.098194462
34 0.145079866
35 0.261391323
36 0.287913458
37 0.247973983
38 0.267711432
39 0.314070138
40 1.178792200
41 1.010383414
42 0.810338362
43 0.606536231
44 1.188845380
45 3.662991258
46 0.000000000
47 0.000000000
48 0.081117184
49 0.168688012
50 0.131719863
51 0.153723539
52 0.319651923
53 0.380578005
54 0.468348443
55 0.213109141
56 1.057187311
57 1.303758755
58 0.846857085
59 0.633419382
60 1.050622800
61 2.787299987
62 0.000000000
63 0.000000000
64 0.062841306
65 0.135157525
66 0.168346604
67 0.210246919
68 0.366094331
69 0.550139832
70 0.628610194
71 0.175012428
72 1.265230322
73 1.177548068
74 0.610336332
75 0.791632354
76 1.773916736
77 0.000000000
78 0.000000000
79 0.146912491
80 0.265266504
81 0.162595144
82 0.175313388
83 0.279709600
84 0.401110930
85 0.495149131
86 0.622544578
87 0.453458989
88 -0.017963450
89 1.178197786
90 1.107671619
91 0.802779644
92 1.789581481
93 0.000000000
94 0.000000000
95 0.000000000
96 0.454648534
97 0.381215675
98 0.219842021
99 0.198623018
100 0.279703562
101 0.401515935
102 0.483998498
103 0.579111267
104 0.858772183
105 0.523965089
106 0.568183208
107 0.941415703
108 0.714766753
109 1.459015409
110 0.000000000
111 0.000000000
112 0.000000000
113 0.000000000
114 0.352613450
115 0.311132590
116 0.242970130
117 0.233808719
118 0.285397470
119 0.352063167
120 0.363065107
121 0.477354983
122 0.686954924
123 0.761270509
124 0.503374801
125 0.858575321
126 1.161818596
127 0.000000000
128 0.000000000
129 0.000000000
130 0.000000000
131 0.000000000
132 0.411071300
133 0.401612110
134 0.330326402
135 0.322359359
136 0.307524183
137 0.309706600
138 0.300290965
139 0.346930697
140 0.493754240
141 0.370804902
142 0.200896603
143 0.423747832
144 0.726731178
145 5.234573852
146 0.000000000
147 0.000000000
148 0.000000000
149 0.000000000
150 0.000000000
151 0.651037676
152 0.482104602
153 0.434069003
154 0.363781643
155 0.305857314
156 0.281648413
157 0.242690346
158 0.291177362
159 0.384197751
160 0.376208223
161 0.276928694
162 0.092643665
163 0.466333855
164 0.357079973
165 0.562092065
166 1.255626879
167 3.111061765
168 0.000000000
169 0.000000000
170 0.000000000
171 6.372643542
172 0.035507067
173 0.475302109
174 0.420940095
175 0.498537215
176 0.546978109
177 0.403409807
178 0.291934228
179 0.223454166
180 0.304496290
181 0.339861480
182 0.316620889
183 0.222424127
184 0.286410938
185 0.025687493
186 0.100454084
187 0.389990891
188 0.669103081
189 0.740404485
190 1.446869668
191 1.436199174
192 0.000000000
193 0.000000000
194 0.000000000
195 1.105332352
196 0.160794445
197 0.352083551
198 0.509244372
199 0.576284981
200 0.561235534
201 0.510532833
202 0.392697687
203 0.336130642
204 0.319328052
205 0.281344834
206 0.159542636
207 0.071240963
208 0.337348040
209 0.187918191
210 0.149784444
211 0.356808291
212 0.596294377
213 0.782685647
214 1.282296866
215 1.725350000
216 3.638512265
217 0.015403430
218 8.452163895
219 1.470780215
220 0.087338252
221 0.187968826
222 0.468052875
223 0.546256906
224 0.525349057
225 0.523759179
226 0.447225172
227 0.387300498
228 0.302809906
229 0.189618470
230 0.077377005
231 0.134349449
232 0.268743184
233 0.279319841
234 0.115340878
235 0.106105500
236 0.360717716
237 0.437872440
238 0.619794007
239 0.802745210
240 0.926902340
241 1.526551349
242 2.341687820
243 3.664973726
244 2.255898115
245 0.214776486
246 0.134982427
247 0.388678904
248 0.474398090
249 0.519967448
250 0.521598072
251 0.443921709
252 0.383079701
253 0.240255672
254 0.194624459
255 0.101950302
256 0.085850384
257 0.190818957
258 0.283954984
259 0.193085444
260 0.187665017
261 0.064158864
262 0.132037887
263 0.270425039
264 0.316185424
265 0.376464517
266 0.381488755
267 0.384736627
268 0.491826213
269 0.853408151
270 1.559755639
271 0.675094787
272 0.157386076
273 0.081505984
274 0.398304008
275 0.462234469
276 0.532752415
277 0.515113170
278 0.467974329
279 0.363490906
280 0.318648027
281 0.266645322
282 0.167618429
283 0.183939100
284 0.174639489
285 0.163668521
286 0.178605157
287 0.218280254
288 0.151241776
289 0.132168005
290 0.099828928
291 0.082602178
292 0.260185943
293 0.250383080
294 0.311185904
295 0.294163378
296 0.425945829
297 0.570748306
298 0.905448613
299 0.361576066
300 0.089035432
301 -0.025972819
302 0.297056597
303 0.453915309
304 0.552579355
305 0.551544128
306 0.487454304
307 0.360443765
308 0.208025138
309 0.269405768
310 0.280462913
311 0.247938339
312 0.263538703
313 0.245757444
314 0.125645975
315 0.147260714
316 0.095261628
317 0.081816777
318 0.211299357
319 0.148341300
320 0.203707549
321 0.146911149
322 0.330111205
323 0.449329127
324 0.617231350
325 0.079267530
326 0.051848462
327 -0.079119456
328 0.222826018
329 0.453031316
330 0.623296372
331 0.646856734
332 0.596831653
333 0.484553422
334 0.371234420
335 0.292658257
336 0.247239473
337 0.331982213
338 0.343573428
339 0.320483879
340 0.241879263
341 0.163366889
342 0.213576232
343 0.182726811
344 0.131618629
345 0.060285654
346 0.215362454
347 0.313304656
348 0.142035811
349 -0.008056583
350 0.000646063
351 0.096556868
352 0.323161916
353 0.533117137
354 0.729600284
355 0.808420435
356 0.630999791
357 0.479530341
358 0.490137426
359 0.415734465
360 0.319070117
361 0.289106679
362 0.279643173
363 0.360688220
364 0.243123336
365 0.201879870
366 0.199275477
367 0.243177282
368 0.157010277
369 0.013645458
370 0.143607477
371 0.193156604
372 0.040504675
373 -0.097575996
374 0.044309809
375 0.179441294
376 0.377561018
377 0.669560184
378 1.006460490
379 1.046246063
380 0.777263278
381 0.629461988
382 0.568549344
383 0.558815073
384 0.458010703
385 0.210510725
386 0.184585267
387 0.149439787
388 0.190809430
389 0.172770777
390 0.175887382
391 0.224695494
392 -0.004135567
393 -0.115205054
394 0.162577175
395 0.332678461
396 0.372496272
397 0.578518237
398 0.783115711
399 1.159116068
400 1.717915393
401 1.395368496
402 0.832071101
403 0.661233949
404 0.596834461
405 0.467345099
406 0.096854427
407 0.073378071
408 0.016089359
409 0.191635410
410 0.220372992
411 0.321265157
412 -0.016472322
413 -0.057145674
414 0.312109481
415 0.420386275
416 0.458096608
417 0.749569692
418 0.897639191
419 1.234423389
420 1.515451088
421 1.312798503
422 0.912529642
423 0.629954297
424 0.647338245
425 0.512388359
426 0.004834284
427 0.026770362
428 0.165113382
429 0.054212513
430 0.188587600
431 0.246110052
432 0.222853511
433 -0.085662073
434 0.269771459
435 0.518998908
436 0.567625210
437 0.752318550
438 0.946132763
439 1.531611997
440 1.694841314
441 1.210667346
442 0.637680760
443 0.772527897
444 0.520896602
445 0.345178523
446 0.004823440
447 0.081145156
448 0.140664979
449 0.138632492
450 0.199105773
451 0.316945186
452 0.401461224
453 0.228417189
454 0.274786339
455 0.556394752
456 0.591153714
457 0.732460484
458 0.981621711
459 1.410021025
460 1.269702756
461 1.047738618
462 0.505457005
463 0.743640554
464 0.484595332
465 0.371797418
466 0.207195047
467 0.268546519
468 0.283140013
469 0.311219165
470 0.320036750
471 0.361731998
472 0.369519303
473 0.467032082
474 0.599476558
475 0.623293541
476 0.825187878
477 0.945199887
478 0.944206576
479 1.031771144
480 1.035342759
481 0.820903870
482 0.950335903
483 0.726279494
484 0.582707049
485 0.378364764
486 0.343051943
487 0.343790412
488 0.355087203
489 0.330772145
490 0.262561080
491 0.347705599
492 0.564455815
493 0.668739001
494 0.722092287
495 0.881081486
496 0.851397675
497 0.710038577
498 0.795668844
499 0.771040427
500 0.758359168
501 0.810477232
502 0.667001412
503 0.560277005
504 0.491080941
505 0.491917884
506 0.359444109
507 0.282974000
508 0.202977564
509 0.243573824
510 0.331091393
511 0.609293928
512 0.667414469
513 0.857556493
514 0.636962487
515 0.532114276
516 0.590701863
517 0.571126825
518 0.511661230
519 0.452458234
520 0.474705927
521 0.381715287
522 0.251715692
523 0.159836912
524 0.041138698
525 0.150236378
526 0.639921894
527 0.635373263
528 0.821984128
529 0.516749276
530 0.392026505
531 0.445481065
532 0.444280305
533 0.353895889
534 0.375477165
535 0.181904863
536 -0.023257898
537 0.110505498
538 0.582638634
539 0.628790559
540 0.641491193
541 0.494114752
542 0.316220419
543 0.298107767
544 0.223550180
545 0.266601294
546 0.339570138
547 0.586487196
548 0.534718810
549 0.404577866
550 0.337563871
551 0.290658337
552 0.338584157
553 0.353587208
554 0.624079526
555 0.566369236
556 0.349038370
557 0.261726998
558 0.281718987
559 0.364756291
560 0.584759009
561 0.584032107
562 0.325696861
563 0.209156453
564 0.244636831
565 0.476350804
566 0.299330839
