0 -0.030334859
1 0.066966352
2 0.086387418
3 0.314077707
4 0.283241820
5 0.205505747
6 -0.055110881
7 0.000000000
8 0.219506753
9 0.251589115
10 0.149359621
11 3.039718536
12 0.535643282
13 0.124579894
14 0.152221455
15 0.000000000
16 0.074152534
17 0.144194798
18 0.137462129
19 0.051433818
20 3.684994262
21 0.585031953
22 0.386110746
23 0.216204079
24 0.226180076
25 0.100327731
26 0.041942677
27 0.154613516
28 0.039294882
29 0.045445298
30 0.019631436
31 2.432332784
32 1.873879468
33 0.553460493
34 0.466328435
35 0.460231225
36 0.416242449
37 0.360282807
38 0.378510875
39 0.445466569
40 0.291881581
41 0.604788465
42 0.474032880
43 0.375526140
44 0.000000000
45 0.000000000
46 0.000000000
47 12.083428996
48 0.546365157
49 0.460097813
50 0.399167944
51 0.364232411
52 0.464323027
53 0.540266253
54 0.718162471
55 0.394375950
56 0.404378887
57 0.808663901
58 0.536442341
59 0.183355643
60 0.000000000
61 0.000000000
62 0.000000000
63 0.087056263
64 0.317285783
65 0.405171985
66 0.409867832
67 0.429346971
68 0.588064609
69 0.781824014
70 0.910780801
71 0.547931753
72 0.033265041
73 0.268717248
74 0.194534256
75 0.000000000
76 0.000000000
77 0.000000000
78 0.000000000
79 0.091757558
80 0.374779096
81 0.482931638
82 0.453681473
83 0.511452603
84 0.663034846
85 0.762868139
86 0.894946390
87 0.775294410
88 0.233360092
89 0.209078648
90 0.111032500
91 0.000000000
92 0.000000000
93 0.000000000
94 0.000000000
95 0.000000000
96 0.357511618
97 0.666559277
98 0.635616848
99 0.575097624
100 0.559841864
101 0.688781359
102 0.749493845
103 0.760969987
104 0.991815165
105 0.558275115
106 0.093695833
107 0.107163706
108 0.039119740
109 0.017384055
110 0.030946805
111 0.005301180
112 0.000000000
113 0.000000000
114 0.875786317
115 0.758622047
116 0.679749428
117 0.620802864
118 0.598942839
119 0.631143167
120 0.572527495
121 0.594005841
122 0.727329919
123 0.800862056
124 0.041232766
125 0.066233256
126 0.059418850
127 0.093070123
128 0.078648370
129 0.062023981
130 0.046735641
131 0.056730975
132 1.202945970
133 0.870898239
134 0.730651114
135 0.737568737
136 0.583358562
137 0.564222236
138 0.476314558
139 0.420310655
140 0.514669595
141 0.528725844
142 0.319103187
143 -0.004166904
144 0.023235512
145 0.048980708
146 0.097670531
147 0.139767776
148 0.148431774
149 0.118265842
150 0.095569404
151 1.529507935
152 0.976473013
153 0.822656692
154 0.772199882
155 0.562578871
156 0.543219164
157 0.450828662
158 0.380277512
159 0.433344313
160 0.327630508
161 0.313386769
162 0.239997913
163 0.404764281
164 0.014085772
165 -0.015968995
166 0.152861043
167 0.000000000
168 0.000000000
169 0.069618852
170 0.089286945
171 3.658601601
172 4.106414835
173 1.305870921
174 0.882402521
175 0.789557794
176 0.830812549
177 0.627390222
178 0.506593212
179 0.399369266
180 0.392769885
181 0.384057304
182 0.315973555
183 0.271272270
184 0.290104272
185 0.150588854
186 0.198656215
187 0.392366153
188 0.546435421
189 0.332629311
190 0.236057188
191 0.132765786
192 0.000000000
193 0.037228552
194 0.010773499
195 0.000000000
196 0.744540372
197 0.757274189
198 0.755972013
199 0.721277364
200 0.728466803
201 0.663887519
202 0.479778662
203 0.405698223
204 0.353620953
205 0.296775049
206 0.178592348
207 0.155118927
208 0.286337014
209 0.178128211
210 0.160861966
211 0.314395543
212 0.614146126
213 0.376136862
214 0.294583983
215 0.268209603
216 0.105966595
217 0.075329164
218 0.000000000
219 0.000000000
220 0.438950023
221 0.638585738
222 0.625587994
223 0.581208558
224 0.560042904
225 0.585154355
226 0.456636363
227 0.350688739
228 0.284329576
229 0.166625442
230 0.102517193
231 0.094953825
232 0.248579790
233 0.272762071
234 0.089153390
235 -0.002930064
236 0.153596524
237 0.510851792
238 0.617712847
239 0.435243093
240 0.364565072
241 0.411320986
242 0.000077245
243 0.000000000
244 0.524989328
245 0.254479417
246 0.478353696
247 0.511050658
248 0.468330643
249 0.510625730
250 0.465824693
251 0.373558656
252 0.247613388
253 0.139540846
254 0.104851086
255 0.082328002
256 0.098880548
257 0.176115424
258 0.254073274
259 0.054091934
260 0.118248065
261 -0.000131083
262 -0.003071601
263 0.114059870
264 0.241700126
265 0.348823745
266 0.379445620
267 0.320981090
268 0.233095171
269 0.102342610
270 0.046497423
271 0.330886611
272 0.218211611
273 0.409845156
274 0.446120462
275 0.480570585
276 0.498650785
277 0.417609143
278 0.348995170
279 0.197380612
280 0.163685663
281 0.094835912
282 0.064722415
283 0.057569414
284 0.091487934
285 0.038354110
286 0.052013044
287 0.141556989
288 0.037905488
289 0.049742103
290 0.017527669
291 0.076275808
292 0.210704509
293 0.235465230
294 0.228016387
295 0.190259180
296 0.131324687
297 0.173541922
298 0.313097854
299 0.107949162
300 0.214262571
301 0.405648002
302 0.413736757
303 0.465132542
304 0.441714964
305 0.391773514
306 0.395668463
307 0.289334169
308 0.150167311
309 0.060189295
310 0.077436358
311 0.129736431
312 0.085152894
313 -0.078301181
314 0.110152389
315 0.036521313
316 0.055335483
317 0.117591742
318 0.203632346
319 0.168180329
320 0.099101706
321 0.002298335
322 0.109975785
323 0.181612144
324 0.404116618
325 0.026645935
326 0.144200089
327 0.358895182
328 0.434708051
329 0.457098459
330 0.452528542
331 0.349249756
332 0.415682173
333 0.405345127
334 0.324539262
335 0.111009132
336 0.092189868
337 0.172537047
338 0.111935813
339 0.189104680
340 0.185788454
341 0.211793636
342 0.238305637
343 0.227596999
344 0.064102330
345 -0.026511619
346 0.068478881
347 0.182964344
348 0.333973543
349 0.135867091
350 0.183622599
351 0.386491078
352 0.513733441
353 0.554780886
354 0.593753048
355 0.450598672
356 0.370954325
357 0.389290474
358 0.496256722
359 0.265791287
360 0.092315929
361 0.117547600
362 0.089722365
363 0.298281918
364 0.197993011
365 0.204773726
366 0.280452799
367 0.302967406
368 0.097654465
369 0.022376103
370 0.089640975
371 0.190327051
372 0.345827849
373 0.279799707
374 0.465064749
375 0.544050372
376 0.609375269
377 0.678835457
378 0.736405193
379 0.575300134
380 0.465479466
381 0.447121188
382 0.522511686
383 0.381823682
384 0.254318748
385 0.200451110
386 0.216442339
387 0.380484817
388 0.296458412
389 0.160637246
390 0.106041518
391 0.160363916
392 0.235469928
393 0.370620969
394 0.477064575
395 0.660373308
396 0.683597060
397 0.669982632
398 0.703096421
399 0.804083536
400 0.920493297
401 0.747841578
402 0.584931720
403 0.550091374
404 0.465362920
405 0.362894892
406 0.336257146
407 0.408842171
408 0.300961765
409 0.236314199
410 0.175763437
411 0.250501197
412 0.377853496
413 0.331787573
414 0.612970725
415 0.734826843
416 0.802408564
417 0.829357095
418 0.869441750
419 1.057684770
420 0.951598978
421 0.898549745
422 0.617501320
423 0.466374553
424 0.513002662
425 0.381861835
426 0.132768304
427 0.221430133
428 0.345788504
429 0.308233629
430 0.195936380
431 0.300704573
432 0.501647657
433 0.193294752
434 0.497203910
435 0.791527419
436 0.793259974
437 0.815168379
438 0.935675442
439 1.177165923
440 1.040535345
441 0.842440566
442 0.475344287
443 0.531936536
444 0.473891258
445 0.360478757
446 0.196234257
447 0.261323715
448 0.372487633
449 0.472523218
450 0.424080042
451 0.395634561
452 0.408799063
453 0.307026880
454 0.429144894
455 0.720985499
456 0.737548816
457 0.767868658
458 0.873256426
459 0.996308233
460 0.964855492
461 0.717377344
462 0.425593951
463 0.566581934
464 0.484583277
465 0.380511877
466 0.327572308
467 0.457724357
468 0.477974140
469 0.484539895
470 0.390704194
471 0.386725487
472 0.539866164
473 0.629749116
474 0.707049127
475 0.661993730
476 0.724813066
477 0.703347814
478 0.647981884
479 0.752842626
480 0.707202291
481 0.502936479
482 0.551299121
483 0.462320311
484 0.395663844
485 0.381691386
486 0.390836171
487 0.397021554
488 0.452637336
489 0.371470106
490 0.333617929
491 0.482238289
492 0.715432746
493 0.762491804
494 0.690963974
495 0.737782768
496 0.610249129
497 0.527735507
498 0.513381639
499 0.442899809
500 0.490039325
501 0.469777009
502 0.437322249
503 0.364250476
504 0.371483779
505 0.431728729
506 0.397828207
507 0.364910683
508 0.313290508
509 0.362207516
510 0.502879132
511 0.705055973
512 0.686193533
513 0.748561355
514 0.472793265
515 0.386255343
516 0.333396381
517 0.309317461
518 0.314064448
519 0.284886983
520 0.326550299
521 0.376095855
522 0.395790143
523 0.323270756
524 0.338291984
525 0.402317806
526 0.805030497
527 0.719195568
528 0.674516888
529 0.341216920
530 0.220207900
531 0.191338025
532 0.166903546
533 0.104384191
534 0.357459193
535 0.285746227
536 0.313466918
537 0.392489696
538 0.836402700
539 0.791508636
540 0.552413985
541 0.339304412
542 0.180506194
543 0.046951231
544 0.234580928
545 0.264498759
546 0.479674303
547 0.772857742
548 0.697331114
549 0.340707792
550 0.199183596
551 0.049909606
552 0.339998317
553 0.374790832
554 0.758315517
555 0.732089005
556 0.272753278
557 0.043467726
558 0.413954008
559 0.461562928
560 0.669109570
561 0.625466496
562 0.209516844
563 0.372077068
564 0.431862457
565 0.531972044
566 0.337845658
