234 259
234 258
234 233
234 209
259 286
259 285
259 258
259 233
259 234
286 313
286 285
286 258
286 259
185 209
185 208
185 184
185 162
209 233
209 232
209 208
209 184
209 185
209 234
233 234
233 258
233 257
233 232
233 208
233 209
233 259
258 259
258 234
258 285
258 284
258 257
258 232
258 233
258 286
285 286
285 259
285 313
285 312
285 284
285 257
285 258
313 286
313 338
313 312
313 284
313 285
162 184
162 183
162 161
162 142
162 185
184 185
184 208
184 207
184 183
184 161
184 162
184 209
208 209
208 185
208 232
208 231
208 207
208 183
208 184
208 233
232 233
232 209
232 257
232 256
232 231
232 207
232 208
232 258
257 258
257 233
257 284
257 283
257 256
257 231
257 232
257 285
284 285
284 258
284 312
284 311
284 283
284 256
284 257
284 313
312 313
312 285
312 338
312 337
312 311
312 283
312 284
338 313
338 362
338 361
338 337
338 311
338 312
362 361
362 337
362 338
142 161
142 160
142 141
142 123
142 162
161 162
161 183
161 182
161 160
161 141
161 142
161 184
183 184
183 162
183 207
183 206
183 182
183 160
183 161
183 208
207 208
207 184
207 231
207 230
207 206
207 182
207 183
207 232
231 232
231 208
231 256
231 255
231 230
231 206
231 207
231 257
256 257
256 232
256 283
256 282
256 255
256 230
256 231
256 284
283 284
283 257
283 311
283 310
283 282
283 255
283 256
283 312
311 312
311 284
311 337
311 336
311 310
311 282
311 283
311 338
337 338
337 312
337 361
337 360
337 336
337 310
337 311
337 362
361 362
361 338
361 384
361 360
361 336
361 337
88 105
88 104
88 87
88 71
105 123
105 122
105 104
105 87
105 88
123 141
123 140
123 122
123 104
123 105
123 142
141 142
141 160
141 159
141 140
141 122
141 123
141 161
160 161
160 142
160 182
160 181
160 159
160 140
160 141
160 183
182 183
182 161
182 206
182 205
182 181
182 159
182 160
182 207
206 207
206 183
206 230
206 229
206 205
206 181
206 182
206 231
230 231
230 207
230 255
230 254
230 229
230 205
230 206
230 256
255 256
255 231
255 282
255 281
255 254
255 229
255 230
255 283
282 283
282 256
282 310
282 309
282 281
282 254
282 255
282 311
310 311
310 283
310 336
310 335
310 309
310 281
310 282
310 337
336 337
336 311
336 360
336 359
336 335
336 309
336 310
336 361
360 361
360 337
360 384
360 383
360 359
360 335
360 336
384 361
384 405
384 404
384 383
384 359
384 360
405 425
405 424
405 404
405 383
405 384
425 445
425 444
425 424
425 404
425 405
445 465
445 464
445 444
445 424
445 425
465 484
465 483
465 464
465 444
465 445
484 503
484 502
484 483
484 464
484 465
503 520
503 502
503 483
503 484
55 71
55 70
55 54
55 39
71 87
71 86
71 70
71 54
71 55
71 88
87 88
87 104
87 103
87 86
87 70
87 71
87 105
104 105
104 88
104 122
104 121
104 103
104 86
104 87
104 123
122 123
122 105
122 140
122 139
122 121
122 103
122 104
122 141
140 141
140 123
140 159
140 158
140 139
140 121
140 122
140 160
159 160
159 141
159 181
159 180
159 158
159 139
159 140
159 182
181 182
181 160
181 205
181 204
181 180
181 158
181 159
181 206
205 206
205 182
205 229
205 228
205 204
205 180
205 181
205 230
229 230
229 206
229 254
229 253
229 228
229 204
229 205
229 255
254 255
254 230
254 281
254 280
254 253
254 228
254 229
254 282
281 282
281 255
281 309
281 308
281 280
281 253
281 254
281 310
309 310
309 282
309 335
309 334
309 308
309 280
309 281
309 336
335 336
335 310
335 359
335 358
335 334
335 308
335 309
335 360
359 360
359 336
359 383
359 382
359 358
359 334
359 335
359 384
383 384
383 360
383 404
383 403
383 382
383 358
383 359
383 405
404 405
404 384
404 424
404 423
404 403
404 382
404 383
404 425
424 425
424 405
424 444
424 443
424 423
424 403
424 404
424 445
444 445
444 425
444 464
444 463
444 443
444 423
444 424
444 465
464 465
464 445
464 483
464 482
464 463
464 443
464 444
464 484
483 484
483 465
483 502
483 501
483 482
483 463
483 464
483 503
502 503
502 484
502 520
502 519
502 501
502 482
502 483
520 503
520 519
520 501
520 502
39 54
39 53
39 38
39 55
54 55
54 70
54 69
54 53
54 38
54 39
54 71
70 71
70 55
70 86
70 85
70 69
70 53
70 54
70 87
86 87
86 71
86 103
86 102
86 85
86 69
86 70
86 104
103 104
103 87
103 121
103 120
103 102
103 85
103 86
103 122
121 122
121 104
121 139
121 138
121 120
121 102
121 103
121 140
139 140
139 122
139 158
139 157
139 138
139 120
139 121
139 159
158 159
158 140
158 180
158 179
158 157
158 138
158 139
158 181
180 181
180 159
180 204
180 203
180 179
180 157
180 158
180 205
204 205
204 181
204 228
204 227
204 203
204 179
204 180
204 229
228 229
228 205
228 253
228 252
228 227
228 203
228 204
228 254
253 254
253 229
253 280
253 279
253 252
253 227
253 228
253 281
280 281
280 254
280 308
280 307
280 279
280 252
280 253
280 309
308 309
308 281
308 334
308 333
308 307
308 279
308 280
308 335
334 335
334 309
334 358
334 357
334 333
334 307
334 308
334 359
358 359
358 335
358 382
358 381
358 357
358 333
358 334
358 383
382 383
382 359
382 403
382 402
382 381
382 357
382 358
382 404
403 404
403 383
403 423
403 422
403 402
403 381
403 382
403 424
423 424
423 404
423 443
423 442
423 422
423 402
423 403
423 444
443 444
443 424
443 463
443 462
443 442
443 422
443 423
443 464
463 464
463 444
463 482
463 481
463 462
463 442
463 443
463 483
482 483
482 464
482 501
482 500
482 481
482 462
482 463
482 502
501 502
501 483
501 519
501 518
501 500
501 481
501 482
501 520
519 520
519 502
519 533
519 518
519 500
519 501
38 39
38 53
38 52
38 37
38 25
38 54
53 54
53 39
53 69
53 68
53 52
53 37
53 38
53 70
69 70
69 54
69 85
69 84
69 68
69 52
69 53
69 86
85 86
85 70
85 102
85 101
85 84
85 68
85 69
85 103
102 103
102 86
102 120
102 119
102 101
102 84
102 85
102 121
120 121
120 103
120 138
120 137
120 119
120 101
120 102
120 139
138 139
138 121
138 157
138 156
138 137
138 119
138 120
138 158
157 158
157 139
157 179
157 178
157 156
157 137
157 138
157 180
179 180
179 158
179 203
179 202
179 178
179 156
179 157
179 204
203 204
203 180
203 227
203 226
203 202
203 178
203 179
203 228
227 228
227 204
227 252
227 251
227 226
227 202
227 203
227 253
252 253
252 228
252 279
252 278
252 251
252 226
252 227
252 280
279 280
279 253
279 307
279 306
279 278
279 251
279 252
279 308
307 308
307 280
307 333
307 332
307 306
307 278
307 279
307 334
333 334
333 308
333 357
333 356
333 332
333 306
333 307
333 358
357 358
357 334
357 381
357 380
357 356
357 332
357 333
357 382
381 382
381 358
381 402
381 401
381 380
381 356
381 357
381 403
402 403
402 382
402 422
402 421
402 401
402 380
402 381
402 423
422 423
422 403
422 442
422 441
422 421
422 401
422 402
422 443
442 443
442 423
442 462
442 461
442 441
442 421
442 422
442 463
462 463
462 443
462 481
462 480
462 461
462 441
462 442
462 482
481 482
481 463
481 500
481 499
481 480
481 461
481 462
481 501
500 501
500 482
500 518
500 517
500 499
500 480
500 481
500 519
518 519
518 501
518 533
518 532
518 517
518 499
518 500
533 519
533 532
533 517
533 518
25 37
25 36
25 24
25 38
37 38
37 52
37 51
37 36
37 24
37 25
37 53
52 53
52 38
52 68
52 67
52 51
52 36
52 37
52 69
68 69
68 53
68 84
68 83
68 67
68 51
68 52
68 85
84 85
84 69
84 101
84 100
84 83
84 67
84 68
84 102
101 102
101 85
101 119
101 118
101 100
101 83
101 84
101 120
119 120
119 102
119 137
119 136
119 118
119 100
119 101
119 138
137 138
137 120
137 156
137 155
137 136
137 118
137 119
137 157
156 157
156 138
156 178
156 177
156 155
156 136
156 137
156 179
178 179
178 157
178 202
178 201
178 177
178 155
178 156
178 203
202 203
202 179
202 226
202 225
202 201
202 177
202 178
202 227
226 227
226 203
226 251
226 250
226 225
226 201
226 202
226 252
251 252
251 227
251 278
251 277
251 250
251 225
251 226
251 279
278 279
278 252
278 306
278 305
278 277
278 250
278 251
278 307
306 307
306 279
306 332
306 331
306 305
306 277
306 278
306 333
332 333
332 307
332 356
332 355
332 331
332 305
332 306
332 357
356 357
356 333
356 380
356 379
356 355
356 331
356 332
356 381
380 381
380 357
380 401
380 400
380 379
380 355
380 356
380 402
401 402
401 381
401 421
401 420
401 400
401 379
401 380
401 422
421 422
421 402
421 441
421 440
421 420
421 400
421 401
421 442
441 442
441 422
441 461
441 460
441 440
441 420
441 421
441 462
461 462
461 442
461 480
461 479
461 460
461 440
461 441
461 481
480 481
480 462
480 499
480 498
480 479
480 460
480 461
480 500
499 500
499 481
499 517
499 516
499 498
499 479
499 480
499 518
517 518
517 500
517 532
517 531
517 516
517 498
517 499
517 533
532 533
532 518
532 543
532 531
532 516
532 517
24 25
24 36
24 35
24 23
24 14
24 37
36 37
36 25
36 51
36 50
36 35
36 23
36 24
36 52
51 52
51 37
51 67
51 66
51 50
51 35
51 36
51 68
67 68
67 52
67 83
67 82
67 66
67 50
67 51
67 84
83 84
83 68
83 100
83 99
83 82
83 66
83 67
83 101
100 101
100 84
100 118
100 117
100 99
100 82
100 83
100 119
118 119
118 101
118 136
118 135
118 117
118 99
118 100
118 137
136 137
136 119
136 155
136 154
136 135
136 117
136 118
136 156
155 156
155 137
155 177
155 176
155 154
155 135
155 136
155 178
177 178
177 156
177 201
177 200
177 176
177 154
177 155
177 202
201 202
201 178
201 225
201 224
201 200
201 176
201 177
201 226
225 226
225 202
225 250
225 249
225 224
225 200
225 201
225 251
250 251
250 226
250 277
250 276
250 249
250 224
250 225
250 278
277 278
277 251
277 305
277 304
277 276
277 249
277 250
277 306
305 306
305 278
305 331
305 330
305 304
305 276
305 277
305 332
331 332
331 306
331 355
331 354
331 330
331 304
331 305
331 356
355 356
355 332
355 379
355 378
355 354
355 330
355 331
355 380
379 380
379 356
379 400
379 399
379 378
379 354
379 355
379 401
400 401
400 380
400 420
400 419
400 399
400 378
400 379
400 421
420 421
420 401
420 440
420 439
420 419
420 399
420 400
420 441
440 441
440 421
440 460
440 459
440 439
440 419
440 420
440 461
460 461
460 441
460 479
460 478
460 459
460 439
460 440
460 480
479 480
479 461
479 498
479 497
479 478
479 459
479 460
479 499
498 499
498 480
498 516
498 515
498 497
498 478
498 479
498 517
516 517
516 499
516 531
516 530
516 515
516 497
516 498
516 532
531 532
531 517
531 543
531 542
531 530
531 515
531 516
543 532
543 551
543 542
543 530
543 531
14 23
14 22
14 13
14 6
14 24
23 24
23 35
23 34
23 22
23 13
23 14
23 36
35 36
35 24
35 50
35 49
35 34
35 22
35 23
35 51
50 51
50 36
50 66
50 65
50 49
50 34
50 35
50 67
66 67
66 51
66 82
66 81
66 65
66 49
66 50
66 83
82 83
82 67
82 99
82 98
82 81
82 65
82 66
82 100
99 100
99 83
99 117
99 116
99 98
99 81
99 82
99 118
117 118
117 100
117 135
117 134
117 116
117 98
117 99
117 136
135 136
135 118
135 154
135 153
135 134
135 116
135 117
135 155
154 155
154 136
154 176
154 175
154 153
154 134
154 135
154 177
176 177
176 155
176 200
176 199
176 175
176 153
176 154
176 201
200 201
200 177
200 224
200 223
200 199
200 175
200 176
200 225
224 225
224 201
224 249
224 248
224 223
224 199
224 200
224 250
249 250
249 225
249 276
249 275
249 248
249 223
249 224
249 277
276 277
276 250
276 304
276 303
276 275
276 248
276 249
276 305
304 305
304 277
304 330
304 329
304 303
304 275
304 276
304 331
330 331
330 305
330 354
330 353
330 329
330 303
330 304
330 355
354 355
354 331
354 378
354 377
354 353
354 329
354 330
354 379
378 379
378 355
378 399
378 398
378 377
378 353
378 354
378 400
399 400
399 379
399 419
399 418
399 398
399 377
399 378
399 420
419 420
419 400
419 439
419 438
419 418
419 398
419 399
419 440
439 440
439 420
439 459
439 458
439 438
439 418
439 419
439 460
459 460
459 440
459 478
459 477
459 458
459 438
459 439
459 479
478 479
478 460
478 497
478 496
478 477
478 458
478 459
478 498
497 498
497 479
497 515
497 514
497 496
497 477
497 478
497 516
515 516
515 498
515 530
515 529
515 514
515 496
515 497
515 531
530 531
530 516
530 542
530 541
530 529
530 514
530 515
530 543
542 543
542 531
542 551
542 550
542 541
542 529
542 530
551 543
551 557
551 550
551 541
551 542
6 13
6 12
6 5
6 1
6 14
13 14
13 22
13 21
13 12
13 5
13 6
13 23
22 23
22 14
22 34
22 33
22 21
22 12
22 13
22 35
34 35
34 23
34 49
34 48
34 33
34 21
34 22
34 50
49 50
49 35
49 65
49 64
49 48
49 33
49 34
49 66
65 66
65 50
65 81
65 80
65 64
65 48
65 49
65 82
81 82
81 66
81 98
81 97
81 80
81 64
81 65
81 99
98 99
98 82
98 116
98 115
98 97
98 80
98 81
98 117
116 117
116 99
116 134
116 133
116 115
116 97
116 98
116 135
134 135
134 117
134 153
134 152
134 133
134 115
134 116
134 154
153 154
153 135
153 175
153 174
153 152
153 133
153 134
153 176
175 176
175 154
175 199
175 198
175 174
175 152
175 153
175 200
199 200
199 176
199 223
199 222
199 198
199 174
199 175
199 224
223 224
223 200
223 248
223 247
223 222
223 198
223 199
223 249
248 249
248 224
248 275
248 274
248 247
248 222
248 223
248 276
275 276
275 249
275 303
275 302
275 274
275 247
275 248
275 304
303 304
303 276
303 329
303 328
303 302
303 274
303 275
303 330
329 330
329 304
329 353
329 352
329 328
329 302
329 303
329 354
353 354
353 330
353 377
353 376
353 352
353 328
353 329
353 378
377 378
377 354
377 398
377 397
377 376
377 352
377 353
377 399
398 399
398 378
398 418
398 417
398 397
398 376
398 377
398 419
418 419
418 399
418 438
418 437
418 417
418 397
418 398
418 439
438 439
438 419
438 458
438 457
438 437
438 417
438 418
438 459
458 459
458 439
458 477
458 476
458 457
458 437
458 438
458 478
477 478
477 459
477 496
477 495
477 476
477 457
477 458
477 497
496 497
496 478
496 514
496 513
496 495
496 476
496 477
496 515
514 515
514 497
514 529
514 528
514 513
514 495
514 496
514 530
529 530
529 515
529 541
529 540
529 528
529 513
529 514
529 542
541 542
541 530
541 550
541 549
541 540
541 528
541 529
541 551
550 551
550 542
550 557
550 556
550 549
550 540
550 541
557 551
557 562
557 556
557 549
557 550
1 5
1 4
1 0
1 6
5 6
5 12
5 11
5 4
5 0
5 1
5 13
12 13
12 6
12 21
12 20
12 11
12 4
12 5
12 22
21 22
21 13
21 33
21 32
21 20
21 11
21 12
21 34
33 34
33 22
33 48
33 47
33 32
33 20
33 21
33 49
48 49
48 34
48 64
48 63
48 47
48 32
48 33
48 65
64 65
64 49
64 80
64 79
64 63
64 47
64 48
64 81
80 81
80 65
80 97
80 96
80 79
80 63
80 64
80 98
97 98
97 81
97 115
97 114
97 96
97 79
97 80
97 116
115 116
115 98
115 133
115 132
115 114
115 96
115 97
115 134
133 134
133 116
133 152
133 151
133 132
133 114
133 115
133 153
152 153
152 134
152 174
152 173
152 151
152 132
152 133
152 175
174 175
174 153
174 198
174 197
174 173
174 151
174 152
174 199
198 199
198 175
198 222
198 221
198 197
198 173
198 174
198 223
222 223
222 199
222 247
222 246
222 221
222 197
222 198
222 248
247 248
247 223
247 274
247 273
247 246
247 221
247 222
247 275
274 275
274 248
274 302
274 301
274 273
274 246
274 247
274 303
302 303
302 275
302 328
302 327
302 301
302 273
302 274
302 329
328 329
328 303
328 352
328 351
328 327
328 301
328 302
328 353
352 353
352 329
352 376
352 375
352 351
352 327
352 328
352 377
376 377
376 353
376 397
376 396
376 375
376 351
376 352
376 398
397 398
397 377
397 417
397 416
397 396
397 375
397 376
397 418
417 418
417 398
417 437
417 436
417 416
417 396
417 397
417 438
437 438
437 418
437 457
437 456
437 436
437 416
437 417
437 458
457 458
457 438
457 476
457 475
457 456
457 436
457 437
457 477
476 477
476 458
476 495
476 494
476 475
476 456
476 457
476 496
495 496
495 477
495 513
495 512
495 494
495 475
495 476
495 514
513 514
513 496
513 528
513 527
513 512
513 494
513 495
513 529
528 529
528 514
528 540
528 539
528 527
528 512
528 513
528 541
540 541
540 529
540 549
540 548
540 539
540 527
540 528
540 550
549 550
549 541
549 556
549 555
549 548
549 539
549 540
549 557
556 557
556 550
556 562
556 561
556 555
556 548
556 549
562 557
562 561
562 555
562 556
0 1
0 4
0 3
0 5
4 5
4 1
4 11
4 10
4 3
4 0
4 12
11 12
11 5
11 20
11 19
11 10
11 3
11 4
11 21
20 21
20 12
20 32
20 31
20 19
20 10
20 11
20 33
32 33
32 21
32 47
32 46
32 31
32 19
32 20
32 48
47 48
47 33
47 63
47 62
47 46
47 31
47 32
47 64
63 64
63 48
63 79
63 78
63 62
63 46
63 47
63 80
79 80
79 64
79 96
79 95
79 78
79 62
79 63
79 97
96 97
96 80
96 114
96 113
96 95
96 78
96 79
96 115
114 115
114 97
114 132
114 131
114 113
114 95
114 96
114 133
132 133
132 115
132 151
132 150
132 131
132 113
132 114
132 152
151 152
151 133
151 173
151 172
151 150
151 131
151 132
151 174
173 174
173 152
173 197
173 196
173 172
173 150
173 151
173 198
197 198
197 174
197 221
197 220
197 196
197 172
197 173
197 222
221 222
221 198
221 246
221 245
221 220
221 196
221 197
221 247
246 247
246 222
246 273
246 272
246 245
246 220
246 221
246 274
273 274
273 247
273 301
273 300
273 272
273 245
273 246
273 302
301 302
301 274
301 327
301 326
301 300
301 272
301 273
301 328
327 328
327 302
327 351
327 350
327 326
327 300
327 301
327 352
351 352
351 328
351 375
351 374
351 350
351 326
351 327
351 376
375 376
375 352
375 396
375 395
375 374
375 350
375 351
375 397
396 397
396 376
396 416
396 415
396 395
396 374
396 375
396 417
416 417
416 397
416 436
416 435
416 415
416 395
416 396
416 437
436 437
436 417
436 456
436 455
436 435
436 415
436 416
436 457
456 457
456 437
456 475
456 474
456 455
456 435
456 436
456 476
475 476
475 457
475 494
475 493
475 474
475 455
475 456
475 495
494 495
494 476
494 512
494 511
494 493
494 474
494 475
494 513
512 513
512 495
512 527
512 526
512 511
512 493
512 494
512 528
527 528
527 513
527 539
527 538
527 526
527 511
527 512
527 540
539 540
539 528
539 548
539 547
539 538
539 526
539 527
539 549
548 549
548 540
548 555
548 554
548 547
548 538
548 539
548 556
555 556
555 549
555 561
555 560
555 554
555 547
555 548
555 562
561 562
561 556
561 565
561 560
561 554
561 555
3 4
3 0
3 10
3 9
3 2
3 11
10 11
10 4
10 19
10 18
10 9
10 2
10 3
10 20
19 20
19 11
19 31
19 30
19 18
19 9
19 10
19 32
31 32
31 20
31 46
31 45
31 30
31 18
31 19
31 47
46 47
46 32
46 62
46 61
46 45
46 30
46 31
46 63
62 63
62 47
62 78
62 77
62 61
62 45
62 46
62 79
78 79
78 63
78 95
78 94
78 77
78 61
78 62
78 96
95 96
95 79
95 113
95 112
95 94
95 77
95 78
95 114
113 114
113 96
113 131
113 130
113 112
113 94
113 95
113 132
131 132
131 114
131 150
131 149
131 130
131 112
131 113
131 151
150 151
150 132
150 172
150 171
150 149
150 130
150 131
150 173
172 173
172 151
172 196
172 195
172 171
172 149
172 150
172 197
196 197
196 173
196 220
196 219
196 195
196 171
196 172
196 221
220 221
220 197
220 245
220 244
220 219
220 195
220 196
220 246
245 246
245 221
245 272
245 271
245 244
245 219
245 220
245 273
272 273
272 246
272 300
272 299
272 271
272 244
272 245
272 301
300 301
300 273
300 326
300 325
300 299
300 271
300 272
300 327
326 327
326 301
326 350
326 349
326 325
326 299
326 300
326 351
350 351
350 327
350 374
350 373
350 349
350 325
350 326
350 375
374 375
374 351
374 395
374 394
374 373
374 349
374 350
374 396
395 396
395 375
395 415
395 414
395 394
395 373
395 374
395 416
415 416
415 396
415 435
415 434
415 414
415 394
415 395
415 436
435 436
435 416
435 455
435 454
435 434
435 414
435 415
435 456
455 456
455 436
455 474
455 473
455 454
455 434
455 435
455 475
474 475
474 456
474 493
474 492
474 473
474 454
474 455
474 494
493 494
493 475
493 511
493 510
493 492
493 473
493 474
493 512
511 512
511 494
511 526
511 525
511 510
511 492
511 493
511 527
526 527
526 512
526 538
526 537
526 525
526 510
526 511
526 539
538 539
538 527
538 547
538 546
538 537
538 525
538 526
538 548
547 548
547 539
547 554
547 553
547 546
547 537
547 538
547 555
554 555
554 548
554 560
554 559
554 553
554 546
554 547
554 561
560 561
560 555
560 565
560 564
560 559
560 553
560 554
565 561
565 566
565 564
565 559
565 560
2 3
2 9
2 8
2 10
9 10
9 3
9 18
9 17
9 8
9 2
9 19
18 19
18 10
18 30
18 29
18 17
18 8
18 9
18 31
30 31
30 19
30 45
30 44
30 29
30 17
30 18
30 46
45 46
45 31
45 61
45 60
45 44
45 29
45 30
45 62
61 62
61 46
61 77
61 76
61 60
61 44
61 45
61 78
77 78
77 62
77 94
77 93
77 76
77 60
77 61
77 95
94 95
94 78
94 112
94 111
94 93
94 76
94 77
94 113
112 113
112 95
112 130
112 129
112 111
112 93
112 94
112 131
130 131
130 113
130 149
130 148
130 129
130 111
130 112
130 150
149 150
149 131
149 171
149 170
149 148
149 129
149 130
149 172
171 172
171 150
171 195
171 194
171 170
171 148
171 149
171 196
195 196
195 172
195 219
195 218
195 194
195 170
195 171
195 220
219 220
219 196
219 244
219 243
219 218
219 194
219 195
219 245
244 245
244 220
244 271
244 270
244 243
244 218
244 219
244 272
271 272
271 245
271 299
271 298
271 270
271 243
271 244
271 300
299 300
299 272
299 325
299 324
299 298
299 270
299 271
299 326
325 326
325 300
325 349
325 348
325 324
325 298
325 299
325 350
349 350
349 326
349 373
349 372
349 348
349 324
349 325
349 374
373 374
373 350
373 394
373 393
373 372
373 348
373 349
373 395
394 395
394 374
394 414
394 413
394 393
394 372
394 373
394 415
414 415
414 395
414 434
414 433
414 413
414 393
414 394
414 435
434 435
434 415
434 454
434 453
434 433
434 413
434 414
434 455
454 455
454 435
454 473
454 472
454 453
454 433
454 434
454 474
473 474
473 455
473 492
473 491
473 472
473 453
473 454
473 493
492 493
492 474
492 510
492 509
492 491
492 472
492 473
492 511
510 511
510 493
510 525
510 524
510 509
510 491
510 492
510 526
525 526
525 511
525 537
525 536
525 524
525 509
525 510
525 538
537 538
537 526
537 546
537 545
537 536
537 524
537 525
537 547
546 547
546 538
546 553
546 552
546 545
546 536
546 537
546 554
553 554
553 547
553 559
553 558
553 552
553 545
553 546
553 560
559 560
559 554
559 564
559 563
559 558
559 552
559 553
559 565
564 565
564 560
564 566
564 563
564 558
564 559
566 565
566 563
566 564
8 9
8 2
8 17
8 16
8 7
8 18
17 18
17 9
17 29
17 28
17 16
17 7
17 8
17 30
29 30
29 18
29 44
29 43
29 28
29 16
29 17
29 45
44 45
44 30
44 60
44 59
44 43
44 28
44 29
44 61
60 61
60 45
60 76
60 75
60 59
60 43
60 44
60 77
76 77
76 61
76 93
76 92
76 75
76 59
76 60
76 94
93 94
93 77
93 111
93 110
93 92
93 75
93 76
93 112
111 112
111 94
111 129
111 128
111 110
111 92
111 93
111 130
129 130
129 112
129 148
129 147
129 128
129 110
129 111
129 149
148 149
148 130
148 170
148 169
148 147
148 128
148 129
148 171
170 171
170 149
170 194
170 193
170 169
170 147
170 148
170 195
194 195
194 171
194 218
194 217
194 193
194 169
194 170
194 219
218 219
218 195
218 243
218 242
218 217
218 193
218 194
218 244
243 244
243 219
243 270
243 269
243 242
243 217
243 218
243 271
270 271
270 244
270 298
270 297
270 269
270 242
270 243
270 299
298 299
298 271
298 324
298 323
298 297
298 269
298 270
298 325
324 325
324 299
324 348
324 347
324 323
324 297
324 298
324 349
348 349
348 325
348 372
348 371
348 347
348 323
348 324
348 373
372 373
372 349
372 393
372 392
372 371
372 347
372 348
372 394
393 394
393 373
393 413
393 412
393 392
393 371
393 372
393 414
413 414
413 394
413 433
413 432
413 412
413 392
413 393
413 434
433 434
433 414
433 453
433 452
433 432
433 412
433 413
433 454
453 454
453 434
453 472
453 471
453 452
453 432
453 433
453 473
472 473
472 454
472 491
472 490
472 471
472 452
472 453
472 492
491 492
491 473
491 509
491 508
491 490
491 471
491 472
491 510
509 510
509 492
509 524
509 523
509 508
509 490
509 491
509 525
524 525
524 510
524 536
524 535
524 523
524 508
524 509
524 537
536 537
536 525
536 545
536 544
536 535
536 523
536 524
536 546
545 546
545 537
545 552
545 544
545 535
545 536
545 553
552 553
552 546
552 558
552 544
552 545
552 559
558 559
558 553
558 563
558 552
558 564
563 564
563 559
563 558
563 566
7 8
7 16
7 15
7 17
16 17
16 8
16 28
16 27
16 15
16 7
16 29
28 29
28 17
28 43
28 42
28 27
28 15
28 16
28 44
43 44
43 29
43 59
43 58
43 42
43 27
43 28
43 60
59 60
59 44
59 75
59 74
59 58
59 42
59 43
59 76
75 76
75 60
75 92
75 91
75 74
75 58
75 59
75 93
92 93
92 76
92 110
92 109
92 91
92 74
92 75
92 111
110 111
110 93
110 128
110 127
110 109
110 91
110 92
110 129
128 129
128 111
128 147
128 146
128 127
128 109
128 110
128 148
147 148
147 129
147 169
147 168
147 146
147 127
147 128
147 170
169 170
169 148
169 193
169 192
169 168
169 146
169 147
169 194
193 194
193 170
193 217
193 216
193 192
193 168
193 169
193 218
217 218
217 194
217 242
217 241
217 216
217 192
217 193
217 243
242 243
242 218
242 269
242 268
242 241
242 216
242 217
242 270
269 270
269 243
269 297
269 296
269 268
269 241
269 242
269 298
297 298
297 270
297 323
297 322
297 296
297 268
297 269
297 324
323 324
323 298
323 347
323 346
323 322
323 296
323 297
323 348
347 348
347 324
347 371
347 370
347 346
347 322
347 323
347 372
371 372
371 348
371 392
371 391
371 370
371 346
371 347
371 393
392 393
392 372
392 412
392 411
392 391
392 370
392 371
392 413
412 413
412 393
412 432
412 431
412 411
412 391
412 392
412 433
432 433
432 413
432 452
432 451
432 431
432 411
432 412
432 453
452 453
452 433
452 471
452 470
452 451
452 431
452 432
452 472
471 472
471 453
471 490
471 489
471 470
471 451
471 452
471 491
490 491
490 472
490 508
490 507
490 489
490 470
490 471
490 509
508 509
508 491
508 523
508 522
508 507
508 489
508 490
508 524
523 524
523 509
523 535
523 534
523 522
523 507
523 508
523 536
535 536
535 524
535 544
535 534
535 522
535 523
535 545
544 545
544 536
544 534
544 535
544 552
15 16
15 7
15 27
15 26
15 28
27 28
27 16
27 42
27 41
27 26
27 15
27 43
42 43
42 28
42 58
42 57
42 41
42 26
42 27
42 59
58 59
58 43
58 74
58 73
58 57
58 41
58 42
58 75
74 75
74 59
74 91
74 90
74 73
74 57
74 58
74 92
91 92
91 75
91 109
91 108
91 90
91 73
91 74
91 110
109 110
109 92
109 127
109 126
109 108
109 90
109 91
109 128
127 128
127 110
127 146
127 145
127 126
127 108
127 109
127 147
146 147
146 128
146 168
146 167
146 145
146 126
146 127
146 169
168 169
168 147
168 192
168 191
168 167
168 145
168 146
168 193
192 193
192 169
192 216
192 215
192 191
192 167
192 168
192 217
216 217
216 193
216 241
216 240
216 215
216 191
216 192
216 242
241 242
241 217
241 268
241 267
241 240
241 215
241 216
241 269
268 269
268 242
268 296
268 295
268 267
268 240
268 241
268 297
296 297
296 269
296 322
296 321
296 295
296 267
296 268
296 323
322 323
322 297
322 346
322 345
322 321
322 295
322 296
322 347
346 347
346 323
346 370
346 369
346 345
346 321
346 322
346 371
370 371
370 347
370 391
370 390
370 369
370 345
370 346
370 392
391 392
391 371
391 411
391 410
391 390
391 369
391 370
391 412
411 412
411 392
411 431
411 430
411 410
411 390
411 391
411 432
431 432
431 412
431 451
431 450
431 430
431 410
431 411
431 452
451 452
451 432
451 470
451 469
451 450
451 430
451 431
451 471
470 471
470 452
470 489
470 488
470 469
470 450
470 451
470 490
489 490
489 471
489 507
489 506
489 488
489 469
489 470
489 508
507 508
507 490
507 522
507 521
507 506
507 488
507 489
507 523
522 523
522 508
522 534
522 521
522 506
522 507
522 535
534 535
534 523
534 521
534 522
534 544
26 27
26 15
26 41
26 40
26 42
41 42
41 27
41 57
41 56
41 40
41 26
41 58
57 58
57 42
57 73
57 72
57 56
57 40
57 41
57 74
73 74
73 58
73 90
73 89
73 72
73 56
73 57
73 91
90 91
90 74
90 108
90 107
90 89
90 72
90 73
90 109
108 109
108 91
108 126
108 125
108 107
108 89
108 90
108 127
126 127
126 109
126 145
126 144
126 125
126 107
126 108
126 146
145 146
145 127
145 167
145 166
145 144
145 125
145 126
145 168
167 168
167 146
167 191
167 190
167 166
167 144
167 145
167 192
191 192
191 168
191 215
191 214
191 190
191 166
191 167
191 216
215 216
215 192
215 240
215 239
215 214
215 190
215 191
215 241
240 241
240 216
240 267
240 266
240 239
240 214
240 215
240 268
267 268
267 241
267 295
267 294
267 266
267 239
267 240
267 296
295 296
295 268
295 321
295 320
295 294
295 266
295 267
295 322
321 322
321 296
321 345
321 344
321 320
321 294
321 295
321 346
345 346
345 322
345 369
345 368
345 344
345 320
345 321
345 370
369 370
369 346
369 390
369 389
369 368
369 344
369 345
369 391
390 391
390 370
390 410
390 409
390 389
390 368
390 369
390 411
410 411
410 391
410 430
410 429
410 409
410 389
410 390
410 431
430 431
430 411
430 450
430 449
430 429
430 409
430 410
430 451
450 451
450 431
450 469
450 468
450 449
450 429
450 430
450 470
469 470
469 451
469 488
469 487
469 468
469 449
469 450
469 489
488 489
488 470
488 506
488 505
488 487
488 468
488 469
488 507
506 507
506 489
506 521
506 505
506 487
506 488
506 522
521 522
521 507
521 505
521 506
521 534
40 41
40 26
40 56
40 57
56 57
56 41
56 72
56 40
56 73
72 73
72 57
72 89
72 56
72 90
89 90
89 73
89 107
89 106
89 72
89 108
107 108
107 90
107 125
107 124
107 106
107 89
107 126
125 126
125 108
125 144
125 143
125 124
125 106
125 107
125 145
144 145
144 126
144 166
144 165
144 143
144 124
144 125
144 167
166 167
166 145
166 190
166 189
166 165
166 143
166 144
166 191
190 191
190 167
190 214
190 213
190 189
190 165
190 166
190 215
214 215
214 191
214 239
214 238
214 213
214 189
214 190
214 240
239 240
239 215
239 266
239 265
239 238
239 213
239 214
239 267
266 267
266 240
266 294
266 293
266 265
266 238
266 239
266 295
294 295
294 267
294 320
294 319
294 293
294 265
294 266
294 321
320 321
320 295
320 344
320 343
320 319
320 293
320 294
320 345
344 345
344 321
344 368
344 367
344 343
344 319
344 320
344 369
368 369
368 345
368 389
368 388
368 367
368 343
368 344
368 390
389 390
389 369
389 409
389 408
389 388
389 367
389 368
389 410
409 410
409 390
409 429
409 428
409 408
409 388
409 389
409 430
429 430
429 410
429 449
429 448
429 428
429 408
429 409
429 450
449 450
449 430
449 468
449 467
449 448
449 428
449 429
449 469
468 469
468 450
468 487
468 486
468 467
468 448
468 449
468 488
487 488
487 469
487 505
487 504
487 486
487 467
487 468
487 506
505 506
505 488
505 504
505 486
505 487
505 521
106 107
106 89
106 124
106 125
124 125
124 107
124 143
124 106
124 144
143 144
143 125
143 165
143 164
143 124
143 166
165 166
165 144
165 189
165 188
165 164
165 143
165 190
189 190
189 166
189 213
189 212
189 188
189 164
189 165
189 214
213 214
213 190
213 238
213 237
213 212
213 188
213 189
213 239
238 239
238 214
238 265
238 264
238 237
238 212
238 213
238 266
265 266
265 239
265 293
265 292
265 264
265 237
265 238
265 294
293 294
293 266
293 319
293 318
293 292
293 264
293 265
293 320
319 320
319 294
319 343
319 342
319 318
319 292
319 293
319 344
343 344
343 320
343 367
343 366
343 342
343 318
343 319
343 368
367 368
367 344
367 388
367 387
367 366
367 342
367 343
367 389
388 389
388 368
388 408
388 407
388 387
388 366
388 367
388 409
408 409
408 389
408 428
408 427
408 407
408 387
408 388
408 429
428 429
428 409
428 448
428 447
428 427
428 407
428 408
428 449
448 449
448 429
448 467
448 466
448 447
448 427
448 428
448 468
467 468
467 449
467 486
467 485
467 466
467 447
467 448
467 487
486 487
486 468
486 504
486 485
486 466
486 467
486 505
504 505
504 487
504 485
504 486
164 165
164 143
164 188
164 187
164 163
164 189
188 189
188 165
188 212
188 211
188 187
188 163
188 164
188 213
212 213
212 189
212 237
212 236
212 211
212 187
212 188
212 238
237 238
237 213
237 264
237 263
237 236
237 211
237 212
237 265
264 265
264 238
264 292
264 291
264 263
264 236
264 237
264 293
292 293
292 265
292 318
292 317
292 291
292 263
292 264
292 319
318 319
318 293
318 342
318 341
318 317
318 291
318 292
318 343
342 343
342 319
342 366
342 365
342 341
342 317
342 318
342 367
366 367
366 343
366 387
366 386
366 365
366 341
366 342
366 388
387 388
387 367
387 407
387 406
387 386
387 365
387 366
387 408
407 408
407 388
407 427
407 426
407 406
407 386
407 387
407 428
427 428
427 408
427 447
427 446
427 426
427 406
427 407
427 448
447 448
447 428
447 466
447 446
447 426
447 427
447 467
466 467
466 448
466 485
466 446
466 447
466 486
485 486
485 467
485 466
485 504
163 164
163 187
163 186
163 188
187 188
187 164
187 211
187 210
187 186
187 163
187 212
211 212
211 188
211 236
211 235
211 210
211 186
211 187
211 237
236 237
236 212
236 263
236 262
236 235
236 210
236 211
236 264
263 264
263 237
263 291
263 290
263 262
263 235
263 236
263 292
291 292
291 264
291 317
291 316
291 290
291 262
291 263
291 318
317 318
317 292
317 341
317 340
317 316
317 290
317 291
317 342
341 342
341 318
341 365
341 364
341 340
341 316
341 317
341 366
365 366
365 342
365 386
365 385
365 364
365 340
365 341
365 387
386 387
386 366
386 406
386 385
386 364
386 365
386 407
406 407
406 387
406 426
406 385
406 386
406 427
426 427
426 407
426 446
426 406
426 447
446 447
446 427
446 426
446 466
186 187
186 163
186 210
186 211
210 211
210 187
210 235
210 186
210 236
235 236
235 211
235 262
235 261
235 210
235 263
262 263
262 236
262 290
262 289
262 261
262 235
262 291
290 291
290 263
290 316
290 315
290 289
290 261
290 262
290 317
316 317
316 291
316 340
316 339
316 315
316 289
316 290
316 341
340 341
340 317
340 364
340 363
340 339
340 315
340 316
340 365
364 365
364 341
364 385
364 363
364 339
364 340
364 386
385 386
385 365
385 363
385 364
385 406
261 262
261 235
261 289
261 288
261 290
289 290
289 262
289 315
289 314
289 288
289 261
289 316
315 316
315 290
315 339
315 314
315 288
315 289
315 340
339 340
339 316
339 363
339 314
339 315
339 364
363 364
363 340
363 339
363 385
288 289
288 261
288 314
288 287
288 260
288 315
314 315
314 289
314 287
314 288
314 339
260 287
260 288
287 288
287 260
287 314
