543 551
543 542
542 543
542 551
542 550
542 541
551 543
551 557
551 550
551 541
551 542
551 543
541 542
541 550
541 549
541 540
550 551
550 542
550 557
550 556
550 549
550 540
550 541
557 551
557 562
557 556
557 549
557 550
540 541
540 549
540 548
540 539
540 550
549 550
549 541
549 556
549 555
549 548
549 539
549 540
549 557
556 557
556 550
556 562
556 561
556 555
556 548
556 549
562 557
562 561
562 555
562 556
539 540
539 548
539 547
539 538
539 549
548 549
548 540
548 555
548 554
548 547
548 538
548 539
548 556
555 556
555 549
555 561
555 560
555 554
555 547
555 548
555 562
561 562
561 556
561 565
561 560
561 554
561 555
538 539
538 547
538 546
538 537
538 548
547 548
547 554
547 553
547 546
547 537
547 538
547 539
547 555
554 555
554 548
554 560
554 559
554 553
554 546
554 547
554 561
560 561
560 555
560 565
560 564
560 559
560 553
560 554
565 561
565 566
565 564
565 559
565 560
537 538
537 546
537 545
537 536
537 547
546 547
546 538
546 553
546 552
546 545
546 536
546 537
546 554
553 554
553 547
553 559
553 558
553 552
553 545
553 546
553 560
559 560
559 554
559 564
559 563
559 558
559 552
559 553
559 565
564 565
564 560
564 566
564 563
564 558
564 559
566 565
566 563
566 564
536 537
536 545
536 544
536 535
536 546
545 546
545 537
545 552
545 544
545 535
545 536
545 553
552 553
552 546
552 558
552 544
552 545
552 559
558 559
558 553
558 563
558 552
558 564
563 564
563 559
563 558
563 566
535 536
535 544
535 534
535 545
544 545
544 536
544 534
544 535
544 552
534 535
534 544
