99 117
99 116
99 98
117 135
117 134
117 116
117 98
117 99
135 154
135 153
135 134
135 116
135 117
154 176
154 175
154 153
154 134
154 135
176 200
176 199
176 175
176 153
176 154
200 224
200 223
200 199
200 175
200 176
224 249
224 248
224 223
224 199
224 200
249 276
249 275
249 248
249 223
249 224
276 304
276 303
276 275
276 248
276 249
304 330
304 329
304 303
304 275
304 276
330 354
330 353
330 329
330 303
330 304
354 378
354 377
354 353
354 329
354 330
378 399
378 398
378 377
378 353
378 354
399 419
399 418
399 398
399 377
399 378
419 439
419 438
419 418
419 398
419 399
439 459
439 458
439 438
439 418
439 419
459 478
459 477
459 458
459 438
459 439
478 497
478 496
478 477
478 458
478 459
497 515
497 514
497 496
497 477
497 478
515 530
515 529
515 514
515 496
515 497
530 529
530 514
530 515
98 99
98 116
98 115
98 97
98 117
116 117
116 99
116 134
116 133
116 115
116 97
116 98
116 135
134 135
134 117
134 153
134 152
134 133
134 115
134 116
134 154
153 154
153 135
153 175
153 174
153 152
153 133
153 134
153 176
175 176
175 154
175 199
175 198
175 174
175 152
175 153
175 200
199 200
199 176
199 223
199 222
199 198
199 174
199 175
199 224
223 224
223 200
223 248
223 247
223 222
223 198
223 199
223 249
248 249
248 224
248 275
248 274
248 247
248 222
248 223
248 276
275 276
275 249
275 303
275 302
275 274
275 247
275 248
275 304
303 304
303 276
303 329
303 328
303 302
303 274
303 275
303 330
329 330
329 304
329 353
329 352
329 328
329 302
329 303
329 354
353 354
353 330
353 377
353 376
353 352
353 328
353 329
353 378
377 378
377 354
377 398
377 397
377 376
377 352
377 353
377 399
398 399
398 378
398 418
398 417
398 397
398 376
398 377
398 419
418 419
418 399
418 438
418 437
418 417
418 397
418 398
418 439
438 439
438 419
438 458
438 457
438 437
438 417
438 418
438 459
458 459
458 439
458 477
458 476
458 457
458 437
458 438
458 478
477 478
477 459
477 496
477 495
477 476
477 457
477 458
477 497
496 497
496 478
496 514
496 513
496 495
496 476
496 477
496 515
514 515
514 497
514 529
514 528
514 513
514 495
514 496
514 530
529 530
529 515
529 528
529 513
529 514
97 98
97 115
97 114
97 96
97 116
115 116
115 98
115 133
115 132
115 114
115 96
115 97
115 134
133 134
133 116
133 152
133 151
133 132
133 114
133 115
133 153
152 153
152 134
152 174
152 173
152 151
152 132
152 133
152 175
174 175
174 153
174 198
174 197
174 173
174 151
174 152
174 199
198 199
198 175
198 222
198 221
198 197
198 173
198 174
198 223
222 223
222 199
222 247
222 246
222 221
222 197
222 198
222 248
247 248
247 223
247 274
247 273
247 246
247 221
247 222
247 275
274 275
274 248
274 302
274 301
274 273
274 246
274 247
274 303
302 303
302 275
302 328
302 327
302 301
302 273
302 274
302 329
328 329
328 303
328 352
328 351
328 327
328 301
328 302
328 353
352 353
352 329
352 376
352 375
352 351
352 327
352 328
352 377
376 377
376 353
376 397
376 396
376 375
376 351
376 352
376 398
397 398
397 377
397 417
397 416
397 396
397 375
397 376
397 418
417 418
417 398
417 437
417 436
417 416
417 396
417 397
417 438
437 438
437 418
437 457
437 456
437 436
437 416
437 417
437 458
457 458
457 438
457 476
457 475
457 456
457 436
457 437
457 477
476 477
476 458
476 495
476 494
476 475
476 456
476 457
476 496
495 496
495 477
495 513
495 512
495 494
495 475
495 476
495 514
513 514
513 496
513 528
513 527
513 512
513 494
513 495
513 529
528 529
528 514
528 527
528 512
528 513
96 97
96 114
96 113
96 95
96 115
114 115
114 97
114 132
114 131
114 113
114 95
114 96
114 133
132 133
132 115
132 151
132 150
132 131
132 113
132 114
132 152
151 152
151 133
151 173
151 172
151 150
151 131
151 132
151 174
173 174
173 152
173 197
173 196
173 172
173 150
173 151
173 198
197 198
197 174
197 221
197 220
197 196
197 172
197 173
197 222
221 222
221 198
221 246
221 245
221 220
221 196
221 197
221 247
246 247
246 222
246 273
246 272
246 245
246 220
246 221
246 274
273 274
273 247
273 301
273 300
273 272
273 245
273 246
273 302
301 302
301 274
301 327
301 326
301 300
301 272
301 273
301 328
327 328
327 302
327 351
327 350
327 326
327 300
327 301
327 352
351 352
351 328
351 375
351 374
351 350
351 326
351 327
351 376
375 376
375 352
375 396
375 395
375 374
375 350
375 351
375 397
396 397
396 376
396 416
396 415
396 395
396 374
396 375
396 417
416 417
416 397
416 436
416 435
416 415
416 395
416 396
416 437
436 437
436 417
436 456
436 455
436 435
436 415
436 416
436 457
456 457
456 437
456 475
456 474
456 455
456 435
456 436
456 476
475 476
475 457
475 494
475 493
475 474
475 455
475 456
475 495
494 495
494 476
494 512
494 511
494 493
494 474
494 475
494 513
512 513
512 495
512 527
512 526
512 511
512 493
512 494
512 528
527 528
527 513
527 526
527 511
527 512
95 96
95 113
95 112
95 94
95 114
113 114
113 96
113 131
113 130
113 112
113 94
113 95
113 132
131 132
131 114
131 150
131 149
131 130
131 112
131 113
131 151
150 151
150 132
150 172
150 171
150 149
150 130
150 131
150 173
172 173
172 151
172 196
172 195
172 171
172 149
172 150
172 197
196 197
196 173
196 220
196 219
196 195
196 171
196 172
196 221
220 221
220 197
220 245
220 244
220 219
220 195
220 196
220 246
245 246
245 221
245 272
245 271
245 244
245 219
245 220
245 273
272 273
272 246
272 300
272 299
272 271
272 244
272 245
272 301
300 301
300 273
300 326
300 325
300 299
300 271
300 272
300 327
326 327
326 301
326 350
326 349
326 325
326 299
326 300
326 351
350 351
350 327
350 374
350 373
350 349
350 325
350 326
350 375
374 375
374 351
374 395
374 394
374 373
374 349
374 350
374 396
395 396
395 375
395 415
395 414
395 394
395 373
395 374
395 416
415 416
415 396
415 435
415 434
415 414
415 394
415 395
415 436
435 436
435 416
435 455
435 454
435 434
435 414
435 415
435 456
455 456
455 436
455 474
455 473
455 454
455 434
455 435
455 475
474 475
474 456
474 493
474 492
474 473
474 454
474 455
474 494
493 494
493 475
493 511
493 510
493 492
493 473
493 474
493 512
511 512
511 494
511 526
511 525
511 510
511 492
511 493
511 527
526 527
526 512
526 525
526 510
526 511
94 95
94 112
94 111
94 93
94 113
112 113
112 95
112 130
112 129
112 111
112 93
112 94
112 131
130 131
130 113
130 149
130 148
130 129
130 111
130 112
130 150
149 150
149 131
149 171
149 170
149 148
149 129
149 130
149 172
171 172
171 150
171 195
171 194
171 170
171 148
171 149
171 196
195 196
195 172
195 219
195 218
195 194
195 170
195 171
195 220
219 220
219 196
219 244
219 243
219 218
219 194
219 195
219 245
244 245
244 220
244 271
244 270
244 243
244 218
244 219
244 272
271 272
271 245
271 299
271 298
271 270
271 243
271 244
271 300
299 300
299 272
299 325
299 324
299 298
299 270
299 271
299 326
325 326
325 300
325 349
325 348
325 324
325 298
325 299
325 350
349 350
349 326
349 373
349 372
349 348
349 324
349 325
349 374
373 374
373 350
373 394
373 393
373 372
373 348
373 349
373 395
394 395
394 374
394 414
394 413
394 393
394 372
394 373
394 415
414 415
414 395
414 434
414 433
414 413
414 393
414 394
414 435
434 435
434 415
434 454
434 453
434 433
434 413
434 414
434 455
454 455
454 435
454 473
454 472
454 453
454 433
454 434
454 474
473 474
473 455
473 492
473 491
473 472
473 453
473 454
473 493
492 493
492 474
492 510
492 509
492 491
492 472
492 473
492 511
510 511
510 493
510 525
510 524
510 509
510 491
510 492
510 526
525 526
525 511
525 524
525 509
525 510
93 94
93 111
93 110
93 92
93 112
111 112
111 94
111 129
111 128
111 110
111 92
111 93
111 130
129 130
129 112
129 148
129 147
129 128
129 110
129 111
129 149
148 149
148 130
148 170
148 169
148 147
148 128
148 129
148 171
170 171
170 149
170 194
170 193
170 169
170 147
170 148
170 195
194 195
194 171
194 218
194 217
194 193
194 169
194 170
194 219
218 219
218 195
218 243
218 242
218 217
218 193
218 194
218 244
243 244
243 219
243 270
243 269
243 242
243 217
243 218
243 271
270 271
270 244
270 298
270 297
270 269
270 242
270 243
270 299
298 299
298 271
298 324
298 323
298 297
298 269
298 270
298 325
324 325
324 299
324 348
324 347
324 323
324 297
324 298
324 349
348 349
348 325
348 372
348 371
348 347
348 323
348 324
348 373
372 373
372 349
372 393
372 392
372 371
372 347
372 348
372 394
393 394
393 373
393 413
393 412
393 392
393 371
393 372
393 414
413 414
413 394
413 433
413 432
413 412
413 392
413 393
413 434
433 434
433 414
433 453
433 452
433 432
433 412
433 413
433 454
453 454
453 434
453 472
453 471
453 452
453 432
453 433
453 473
472 473
472 454
472 491
472 490
472 471
472 452
472 453
472 492
491 492
491 473
491 509
491 508
491 490
491 471
491 472
491 510
509 510
509 492
509 524
509 523
509 508
509 490
509 491
509 525
524 525
524 510
524 523
524 508
524 509
92 93
92 110
92 109
92 91
92 111
110 111
110 93
110 128
110 127
110 109
110 91
110 92
110 129
128 129
128 111
128 147
128 146
128 127
128 109
128 110
128 148
147 148
147 129
147 169
147 168
147 146
147 127
147 128
147 170
169 170
169 148
169 193
169 192
169 168
169 146
169 147
169 194
193 194
193 170
193 217
193 216
193 192
193 168
193 169
193 218
217 218
217 194
217 242
217 241
217 216
217 192
217 193
217 243
242 243
242 218
242 269
242 268
242 241
242 216
242 217
242 270
269 270
269 243
269 297
269 296
269 268
269 241
269 242
269 298
297 298
297 270
297 323
297 322
297 296
297 268
297 269
297 324
323 324
323 298
323 347
323 346
323 322
323 296
323 297
323 348
347 348
347 324
347 371
347 370
347 346
347 322
347 323
347 372
371 372
371 348
371 392
371 391
371 370
371 346
371 347
371 393
392 393
392 372
392 412
392 411
392 391
392 370
392 371
392 413
412 413
412 393
412 432
412 431
412 411
412 391
412 392
412 433
432 433
432 413
432 452
432 451
432 431
432 411
432 412
432 453
452 453
452 433
452 471
452 470
452 451
452 431
452 432
452 472
471 472
471 453
471 490
471 489
471 470
471 451
471 452
471 491
490 491
490 472
490 508
490 507
490 489
490 470
490 471
490 509
508 509
508 491
508 523
508 522
508 507
508 489
508 490
508 524
523 524
523 509
523 522
523 507
523 508
91 92
91 109
91 108
91 90
91 110
109 110
109 92
109 127
109 126
109 108
109 90
109 91
109 128
127 128
127 110
127 146
127 145
127 126
127 108
127 109
127 147
146 147
146 128
146 168
146 167
146 145
146 126
146 127
146 169
168 169
168 147
168 192
168 191
168 167
168 145
168 146
168 193
192 193
192 169
192 216
192 215
192 191
192 167
192 168
192 217
216 217
216 193
216 241
216 240
216 215
216 191
216 192
216 242
241 242
241 217
241 268
241 267
241 240
241 215
241 216
241 269
268 269
268 242
268 296
268 295
268 267
268 240
268 241
268 297
296 297
296 269
296 322
296 321
296 295
296 267
296 268
296 323
322 323
322 297
322 346
322 345
322 321
322 295
322 296
322 347
346 347
346 323
346 370
346 369
346 345
346 321
346 322
346 371
370 371
370 347
370 391
370 390
370 369
370 345
370 346
370 392
391 392
391 371
391 411
391 410
391 390
391 369
391 370
391 412
411 412
411 392
411 431
411 430
411 410
411 390
411 391
411 432
431 432
431 412
431 451
431 450
431 430
431 410
431 411
431 452
451 452
451 432
451 470
451 469
451 450
451 430
451 431
451 471
470 471
470 452
470 489
470 488
470 469
470 450
470 451
470 490
489 490
489 471
489 507
489 506
489 488
489 469
489 470
489 508
507 508
507 490
507 522
507 521
507 506
507 488
507 489
507 523
522 523
522 508
522 521
522 506
522 507
90 91
90 108
90 107
90 89
90 109
108 109
108 91
108 126
108 125
108 107
108 89
108 90
108 127
126 127
126 109
126 145
126 144
126 125
126 107
126 108
126 146
145 146
145 127
145 167
145 166
145 144
145 125
145 126
145 168
167 168
167 146
167 191
167 190
167 166
167 144
167 145
167 192
191 192
191 168
191 215
191 214
191 190
191 166
191 167
191 216
215 216
215 192
215 240
215 239
215 214
215 190
215 191
215 241
240 241
240 216
240 267
240 266
240 239
240 214
240 215
240 268
267 268
267 241
267 295
267 294
267 266
267 239
267 240
267 296
295 296
295 268
295 321
295 320
295 294
295 266
295 267
295 322
321 322
321 296
321 345
321 344
321 320
321 294
321 295
321 346
345 346
345 322
345 369
345 368
345 344
345 320
345 321
345 370
369 370
369 346
369 390
369 389
369 368
369 344
369 345
369 391
390 391
390 370
390 410
390 409
390 389
390 368
390 369
390 411
410 411
410 391
410 430
410 429
410 409
410 389
410 390
410 431
430 431
430 411
430 450
430 449
430 429
430 409
430 410
430 451
450 451
450 431
450 469
450 468
450 449
450 429
450 430
450 470
469 470
469 451
469 488
469 487
469 468
469 449
469 450
469 489
488 489
488 470
488 506
488 505
488 487
488 468
488 469
488 507
506 507
506 489
506 521
506 505
506 487
506 488
506 522
521 522
521 507
521 505
521 506
89 90
89 107
89 106
89 108
107 108
107 90
107 125
107 124
107 106
107 89
107 126
125 126
125 108
125 144
125 143
125 124
125 106
125 107
125 145
144 145
144 126
144 166
144 165
144 143
144 124
144 125
144 167
166 167
166 145
166 190
166 189
166 165
166 143
166 144
166 191
190 191
190 167
190 214
190 213
190 189
190 165
190 166
190 215
214 215
214 191
214 239
214 238
214 213
214 189
214 190
214 240
239 240
239 215
239 266
239 265
239 238
239 213
239 214
239 267
266 267
266 240
266 294
266 293
266 265
266 238
266 239
266 295
294 295
294 267
294 320
294 319
294 293
294 265
294 266
294 321
320 321
320 295
320 344
320 343
320 319
320 293
320 294
320 345
344 345
344 321
344 368
344 367
344 343
344 319
344 320
344 369
368 369
368 345
368 389
368 388
368 367
368 343
368 344
368 390
389 390
389 369
389 409
389 408
389 388
389 367
389 368
389 410
409 410
409 390
409 429
409 428
409 408
409 388
409 389
409 430
429 430
429 410
429 449
429 448
429 428
429 408
429 409
429 450
449 450
449 430
449 468
449 467
449 448
449 428
449 429
449 469
468 469
468 450
468 487
468 486
468 467
468 448
468 449
468 488
487 488
487 469
487 505
487 504
487 486
487 467
487 468
487 506
505 506
505 488
505 504
505 486
505 487
505 521
106 107
106 89
106 124
106 125
124 125
124 107
124 143
124 106
124 144
143 144
143 125
143 165
143 164
143 124
143 166
165 166
165 144
165 189
165 188
165 164
165 143
165 190
189 190
189 166
189 213
189 212
189 188
189 164
189 165
189 214
213 214
213 190
213 238
213 237
213 212
213 188
213 189
213 239
238 239
238 214
238 265
238 264
238 237
238 212
238 213
238 266
265 266
265 239
265 293
265 292
265 264
265 237
265 238
265 294
293 294
293 266
293 319
293 318
293 292
293 264
293 265
293 320
319 320
319 294
319 343
319 342
319 318
319 292
319 293
319 344
343 344
343 320
343 367
343 366
343 342
343 318
343 319
343 368
367 368
367 344
367 388
367 387
367 366
367 342
367 343
367 389
388 389
388 368
388 408
388 407
388 387
388 366
388 367
388 409
408 409
408 389
408 428
408 427
408 407
408 387
408 388
408 429
428 429
428 409
428 448
428 447
428 427
428 407
428 408
428 449
448 449
448 429
448 467
448 466
448 447
448 427
448 428
448 468
467 468
467 449
467 486
467 485
467 466
467 447
467 448
467 487
486 487
486 468
486 504
486 485
486 466
486 467
486 505
504 505
504 487
504 485
504 486
164 165
164 143
164 188
164 187
164 163
164 189
188 189
188 165
188 212
188 211
188 187
188 163
188 164
188 213
212 213
212 189
212 237
212 236
212 211
212 187
212 188
212 238
237 238
237 213
237 264
237 263
237 236
237 211
237 212
237 265
264 265
264 238
264 292
264 291
264 263
264 236
264 237
264 293
292 293
292 265
292 318
292 317
292 291
292 263
292 264
292 319
318 319
318 293
318 342
318 341
318 317
318 291
318 292
318 343
342 343
342 319
342 366
342 365
342 341
342 317
342 318
342 367
366 367
366 343
366 387
366 386
366 365
366 341
366 342
366 388
387 388
387 367
387 407
387 406
387 386
387 365
387 366
387 408
407 408
407 388
407 427
407 426
407 406
407 386
407 387
407 428
427 428
427 408
427 447
427 446
427 426
427 406
427 407
427 448
447 448
447 428
447 466
447 446
447 426
447 427
447 467
466 467
466 448
466 485
466 446
466 447
466 486
485 486
485 467
485 466
485 504
163 164
163 187
163 186
163 188
187 188
187 164
187 211
187 210
187 186
187 163
187 212
211 212
211 188
211 236
211 235
211 210
211 186
211 187
211 237
236 237
236 212
236 263
236 262
236 235
236 210
236 211
236 264
263 264
263 237
263 291
263 290
263 262
263 235
263 236
263 292
291 292
291 264
291 317
291 316
291 290
291 262
291 263
291 318
317 318
317 292
317 341
317 340
317 316
317 290
317 291
317 342
341 342
341 318
341 365
341 364
341 340
341 316
341 317
341 366
365 366
365 342
365 386
365 385
365 364
365 340
365 341
365 387
386 387
386 366
386 406
386 385
386 364
386 365
386 407
406 407
406 387
406 426
406 385
406 386
406 427
426 427
426 407
426 446
426 406
426 447
446 447
446 427
446 426
446 466
186 187
186 163
186 210
186 211
210 211
210 187
210 235
210 186
210 236
235 236
235 211
235 262
235 261
235 210
235 263
262 263
262 236
262 290
262 289
262 261
262 235
262 291
290 291
290 263
290 316
290 315
290 289
290 261
290 262
290 317
316 317
316 291
316 340
316 339
316 315
316 289
316 290
316 341
340 341
340 317
340 364
340 363
340 339
340 315
340 316
340 365
364 365
364 341
364 385
364 363
364 339
364 340
364 386
385 386
385 365
385 363
385 364
385 406
261 262
261 235
261 289
261 288
261 290
289 290
289 262
289 315
289 314
289 288
289 261
289 316
315 316
315 290
315 339
315 314
315 288
315 289
315 340
339 340
339 316
339 363
339 314
339 315
339 364
363 364
363 340
363 339
363 385
288 289
288 261
288 314
288 287
288 260
288 315
314 315
314 289
314 287
314 288
314 339
260 287
260 288
287 288
287 260
287 314
