100
101
102
103
104
105
118
119
120
121
122
123
136
137
138
139
140
141
142
155
156
157
158
159
160
161
162
177
178
179
180
181
182
183
184
185
201
202
203
204
205
206
207
208
209
225
226
227
228
229
230
231
232
233
234
250
251
252
253
254
255
256
257
258
259
277
278
279
280
281
282
283
284
285
286
305
306
307
308
309
310
311
312
313
331
332
333
334
335
336
337
338
355
356
357
358
359
360
361
362
379
380
381
382
383
384
400
401
402
403
404
405
420
421
422
423
424
425
440
441
442
443
444
445
460
461
462
463
464
465
479
480
481
482
483
484
498
499
500
501
502
503
516
517
518
519
520
531
532
533
