0 -0.080095727
1 -0.029980343
2 1.030187488
3 0.502536115
4 0.351476086
5 0.032837665
6 -0.083433399
7 0.773027540
8 0.328458556
9 0.350033282
10 0.233786680
11 2.714028856
12 0.378182126
13 -0.054746917
14 -0.050065342
15 1.137438329
16 0.230376542
17 0.301964449
18 0.255991839
19 0.144544867
20 4.959529675
21 0.622393152
22 0.134955342
23 0.015094537
24 0.150709609
25 0.066243230
26 0.659973317
27 0.677626533
28 0.655208141
29 2.165383403
30 45.199716615
31 33.512031704
32 3.141406932
33 0.557669932
34 0.283343794
35 0.318464258
36 0.404925525
37 0.355404014
38 0.331413368
39 0.328470591
40 1.291451693
41 1.227588673
42 0.856105877
43 0.271738109
44 0.291077139
45 5.699347631
46 0.000000000
47 8.364167562
48 0.403175660
49 0.264004543
50 0.284640508
51 0.330517411
52 0.432561414
53 0.446901350
54 0.550990013
55 0.229356613
56 1.328256050
57 1.534830437
58 0.800338987
59 0.225086059
60 0.000000000
61 2.840845168
62 0.000000000
63 0.770511654
64 0.266095594
65 0.271857674
66 0.343838333
67 0.424361261
68 0.514068322
69 0.650467479
70 0.728559373
71 0.238755790
72 1.438714479
73 1.252706320
74 0.586365667
75 0.389188454
76 0.000000000
77 0.000000000
78 0.000000000
79 0.439148727
80 0.333559566
81 0.282196820
82 0.268838338
83 0.443003765
84 0.579323495
85 0.631382338
86 0.749152207
87 0.572416546
88 0.026520098
89 1.065617473
90 0.951805172
91 0.659780274
92 0.583548281
93 0.000000000
94 0.000000000
95 0.000000000
96 0.416417380
97 0.358409285
98 0.281527817
99 0.321206649
100 0.439482485
101 0.588656142
102 0.688058588
103 0.701570432
104 0.870209257
105 0.433318568
106 0.598881232
107 0.754481477
108 0.552333806
109 0.678314400
110 0.000000000
111 0.000000000
112 0.000000000
113 0.000000000
114 0.659025109
115 0.431741639
116 0.393790432
117 0.389917631
118 0.411712227
119 0.469733770
120 0.575928212
121 0.583940702
122 0.659320987
123 0.728544793
124 0.490076719
125 0.690883970
126 0.590654602
127 0.087762108
128 0.041516822
129 0.000000000
130 0.000000000
131 0.000000000
132 0.562098822
133 0.461673849
134 0.509806947
135 0.493673306
136 0.437703189
137 0.464652847
138 0.504635444
139 0.431479925
140 0.560016262
141 0.526949002
142 0.351170454
143 0.364787414
144 0.697729929
145 3.196340052
146 0.073425687
147 0.074726771
148 0.035418188
149 0.000000000
150 0.000000000
151 1.008354572
152 0.710387662
153 0.623698919
154 0.584496176
155 0.480690251
156 0.458633798
157 0.458336883
158 0.408071782
159 0.511448753
160 0.364584483
161 0.368827119
162 0.206031336
163 0.515609731
164 0.355828511
165 0.559843284
166 0.955975429
167 1.024841241
168 0.000000000
169 0.021962483
170 0.015426504
171 4.517045470
172 4.395317186
173 1.300640014
174 0.819261120
175 0.644473068
176 0.665671605
177 0.513938062
178 0.424404924
179 0.428067390
180 0.433319067
181 0.474636062
182 0.441004421
183 0.409717970
184 0.345573175
185 0.246528243
186 0.236889022
187 0.617840683
188 0.799695051
189 0.815265080
190 1.378593503
191 1.209864502
192 0.000000000
193 0.003216149
194 0.000000000
195 1.121017044
196 1.295750288
197 0.876055823
198 0.750408789
199 0.588522508
200 0.630626159
201 0.600130959
202 0.406579155
203 0.445804937
204 0.460060805
205 0.458528991
206 0.353449576
207 0.340467012
208 0.413877704
209 0.329328943
210 0.240115066
211 0.573168860
212 0.760892186
213 0.840427315
214 1.337664735
215 1.636785074
216 4.654038414
217 0.115564070
218 2.554721787
219 1.860396401
220 0.722729940
221 0.732349382
222 0.704258946
223 0.539592962
224 0.557390630
225 0.633325001
226 0.456433140
227 0.251244686
228 0.511410973
229 0.427661128
230 0.319127629
231 0.320905109
232 0.357439792
233 0.337495500
234 0.224841503
235 0.151312888
236 0.450153864
237 0.629715794
238 0.693666252
239 0.879275673
240 0.931580544
241 1.706422940
242 2.395881955
243 2.551514795
244 3.314574333
245 0.705633309
246 0.701682045
247 0.612773924
248 0.439233957
249 0.503158324
250 0.556364224
251 0.401467190
252 0.439854199
253 0.372181075
254 0.417899763
255 0.288071827
256 0.292711047
257 0.327031320
258 0.347980430
259 0.252274519
260 0.064951462
261 0.103627474
262 0.142245574
263 0.368852909
264 0.441936441
265 0.430376699
266 0.374180962
267 0.382883939
268 0.518499113
269 0.832876032
270 1.009772639
271 0.909387713
272 0.503316104
273 0.638214153
274 0.530234890
275 0.415528757
276 0.487377000
277 0.467078898
278 0.536357514
279 0.412784968
280 0.417159358
281 0.407566101
282 0.334537138
283 0.337914619
284 0.268821719
285 0.325618866
286 0.282703038
287 0.080315593
288 0.094171871
289 0.115229742
290 0.146119958
291 0.179603404
292 0.332766061
293 0.279282346
294 0.297305538
295 0.297640615
296 0.372669887
297 0.514435140
298 0.947616216
299 0.731201861
300 0.413381661
301 0.493104442
302 0.394356628
303 0.478113803
304 0.588686463
305 0.528005644
306 0.523587480
307 0.452987324
308 0.305885345
309 0.434190064
310 0.442297868
311 0.387606536
312 0.313928940
313 0.307017446
314 0.074996851
315 0.104939706
316 0.166850859
317 0.197701466
318 0.234624433
319 0.150713251
320 0.126247365
321 0.127226661
322 0.273257913
323 0.394641200
324 0.496471088
325 0.362112329
326 0.344433907
327 0.367753765
328 0.341756449
329 0.515377302
330 0.657491639
331 0.617767903
332 0.578599725
333 0.618206552
334 0.559216360
335 0.527430337
336 0.370616139
337 0.374861544
338 0.333284173
339 0.351727814
340 0.371832111
341 0.218350502
342 0.219884192
343 0.095581820
344 -0.033396966
345 0.055353853
346 0.183052125
347 0.246842021
348 0.333269722
349 0.306945969
350 0.259652763
351 0.301943625
352 0.368992810
353 0.490394336
354 0.675423828
355 0.782513858
356 0.579112290
357 0.645056612
358 0.793221751
359 0.636360542
360 0.409088044
361 0.340882526
362 0.299817548
363 0.401725739
364 0.384144584
365 0.337456149
366 0.244473151
367 0.114328284
368 -0.045003041
369 -0.001917797
370 0.104691716
371 0.026072447
372 0.204137730
373 0.265284418
374 0.301968923
375 0.373940820
376 0.520928696
377 0.611938453
378 0.822517428
379 0.975828168
380 0.664102962
381 0.685283171
382 0.864662106
383 0.701037987
384 0.528160751
385 0.426595797
386 0.314983170
387 0.374890142
388 0.098386208
389 0.029072213
390 0.004622718
391 0.001674252
392 0.020645485
393 0.213383995
394 0.286648830
395 0.455229865
396 0.438292325
397 0.625172984
398 0.673962584
399 0.993617333
400 1.450265417
401 1.036089824
402 0.874488716
403 0.787058906
404 0.663969018
405 0.470032131
406 0.316083485
407 0.075551804
408 0.031784486
409 0.016755928
410 -0.038264374
411 -0.081992883
412 0.016914356
413 0.067929036
414 0.232091582
415 0.475641711
416 0.533999567
417 0.798546535
418 0.880078250
419 1.240373685
420 1.441185036
421 1.133153436
422 0.986908502
423 0.786625408
424 0.773277788
425 0.615950442
426 0.062059826
427 0.036840852
428 0.054651719
429 -0.010647592
430 -0.099121359
431 -0.117346536
432 -0.075577610
433 -0.050697404
434 0.142160632
435 0.419469033
436 0.615148700
437 0.731763114
438 1.008790512
439 1.718713863
440 1.727032209
441 1.115565100
442 0.854192369
443 1.024232409
444 0.694628148
445 0.453438340
446 0.042240643
447 0.029582591
448 -0.013579948
449 -0.031906612
450 0.023858326
451 0.096068299
452 0.355622297
453 0.291661080
454 0.148057736
455 0.417893265
456 0.573389765
457 0.694538791
458 1.020829624
459 1.329975668
460 1.275459381
461 0.976491983
462 0.646449225
463 1.051655019
464 0.692870342
465 0.445058081
466 0.114580922
467 -0.024742250
468 -0.029907742
469 0.065893802
470 0.136900884
471 0.242030251
472 0.373804746
473 0.317973759
474 0.420003467
475 0.647920913
476 0.797470625
477 0.906840329
478 0.870749767
479 0.979544328
480 0.894540149
481 0.939463402
482 1.141547688
483 0.903047175
484 0.603027099
485 0.217417967
486 0.075235547
487 0.073379715
488 0.168550936
489 0.186328608
490 0.192988634
491 0.300253634
492 0.406535025
493 0.505366980
494 0.613525292
495 0.788831388
496 0.771882802
497 0.593852018
498 0.630025458
499 0.752898817
500 0.935352213
501 0.973146282
502 0.819828064
503 0.485048763
504 0.193927618
505 0.219339543
506 0.219078462
507 0.214962337
508 0.219559594
509 0.257735648
510 0.364135441
511 0.563084503
512 0.642821492
513 0.708397428
514 0.506742410
515 0.392873534
516 0.415147724
517 0.409460387
518 0.530964476
519 0.485429541
520 0.562689135
521 0.354145415
522 0.324569813
523 0.238855200
524 0.302134362
525 0.159812364
526 0.694196025
527 0.657431906
528 0.601340723
529 0.359764069
530 0.270979313
531 0.335529141
532 0.177671470
533 0.214332725
534 0.367932525
535 0.239471744
536 0.249406361
537 0.224389012
538 0.823125783
539 0.783871077
540 0.552741321
541 0.360325993
542 0.216028383
543 0.199508554
544 0.238125148
545 0.236104874
546 0.358411305
547 0.742620844
548 0.721624858
549 0.340528587
550 0.263700188
551 0.209248579
552 0.227698025
553 0.189023202
554 0.722082283
555 0.732844203
556 0.299058509
557 0.187743202
558 0.334961369
559 0.359146474
560 0.625546063
561 0.591897763
562 0.284379988
563 0.361235904
564 0.439050998
565 0.450103338
566 0.322952191
