88 87
88 71
55 71
55 70
55 54
55 39
71 87
71 86
71 70
71 54
71 55
71 88
87 88
87 86
87 70
87 71
39 54
39 53
39 38
39 55
54 55
54 70
54 69
54 53
54 38
54 39
54 71
70 71
70 55
70 86
70 85
70 69
70 53
70 54
70 87
86 87
86 71
86 85
86 69
86 70
38 39
38 53
38 52
38 37
38 25
38 54
53 54
53 39
53 69
53 68
53 52
53 37
53 38
53 70
69 70
69 54
69 85
69 84
69 68
69 52
69 53
69 86
85 86
85 70
85 84
85 68
85 69
25 37
25 36
25 24
25 38
37 38
37 52
37 51
37 36
37 24
37 25
37 53
52 53
52 38
52 68
52 67
52 51
52 36
52 37
52 69
68 69
68 53
68 84
68 83
68 67
68 51
68 52
68 85
84 85
84 69
84 83
84 67
84 68
24 25
24 36
24 35
24 23
24 14
24 37
36 37
36 25
36 51
36 50
36 35
36 23
36 24
36 52
51 52
51 37
51 67
51 66
51 50
51 35
51 36
51 68
67 68
67 52
67 83
67 82
67 66
67 50
67 51
67 84
83 84
83 68
83 82
83 66
83 67
14 23
14 22
14 13
14 6
14 24
23 24
23 35
23 34
23 22
23 13
23 14
23 36
35 36
35 24
35 50
35 49
35 34
35 22
35 23
35 51
50 51
50 36
50 66
50 65
50 49
50 34
50 35
50 67
66 67
66 51
66 82
66 81
66 65
66 49
66 50
66 83
82 83
82 67
82 81
82 65
82 66
6 13
6 12
6 5
6 1
6 14
13 14
13 22
13 21
13 12
13 5
13 6
13 23
22 23
22 14
22 34
22 33
22 21
22 12
22 13
22 35
34 35
34 23
34 49
34 48
34 33
34 21
34 22
34 50
49 50
49 35
49 65
49 64
49 48
49 33
49 34
49 66
65 66
65 50
65 81
65 80
65 64
65 48
65 49
65 82
81 82
81 66
81 80
81 64
81 65
1 5
1 4
1 0
1 6
5 6
5 12
5 11
5 4
5 0
5 1
5 13
12 13
12 6
12 21
12 20
12 11
12 4
12 5
12 22
21 22
21 13
21 33
21 32
21 20
21 11
21 12
21 34
33 34
33 22
33 48
33 47
33 32
33 20
33 21
33 49
48 49
48 34
48 64
48 63
48 47
48 32
48 33
48 65
64 65
64 49
64 80
64 79
64 63
64 47
64 48
64 81
80 81
80 65
80 79
80 63
80 64
0 1
0 4
0 3
0 5
4 5
4 1
4 11
4 10
4 3
4 0
4 12
11 12
11 5
11 20
11 19
11 10
11 3
11 4
11 21
20 21
20 12
20 32
20 31
20 19
20 10
20 11
20 33
32 33
32 21
32 47
32 46
32 31
32 19
32 20
32 48
47 48
47 33
47 63
47 62
47 46
47 31
47 32
47 64
63 64
63 48
63 79
63 78
63 62
63 46
63 47
63 80
79 80
79 64
79 78
79 62
79 63
3 4
3 0
3 10
3 9
3 2
3 11
10 11
10 4
10 19
10 18
10 9
10 2
10 3
10 20
19 20
19 11
19 31
19 30
19 18
19 9
19 10
19 32
31 32
31 20
31 46
31 45
31 30
31 18
31 19
31 47
46 47
46 32
46 62
46 61
46 45
46 30
46 31
46 63
62 63
62 47
62 78
62 77
62 61
62 45
62 46
62 79
78 79
78 63
78 77
78 61
78 62
2 3
2 9
2 8
2 10
9 10
9 3
9 18
9 17
9 8
9 2
9 19
18 19
18 10
18 30
18 29
18 17
18 8
18 9
18 31
30 31
30 19
30 45
30 44
30 29
30 17
30 18
30 46
45 46
45 31
45 61
45 60
45 44
45 29
45 30
45 62
61 62
61 46
61 77
61 76
61 60
61 44
61 45
61 78
77 78
77 62
77 76
77 60
77 61
8 9
8 2
8 17
8 16
8 7
8 18
17 18
17 9
17 29
17 28
17 16
17 7
17 8
17 30
29 30
29 18
29 44
29 43
29 28
29 16
29 17
29 45
44 45
44 30
44 60
44 59
44 43
44 28
44 29
44 61
60 61
60 45
60 76
60 75
60 59
60 43
60 44
60 77
76 77
76 61
76 75
76 59
76 60
7 8
7 16
7 15
7 17
16 17
16 8
16 28
16 27
16 15
16 7
16 29
28 29
28 17
28 43
28 42
28 27
28 15
28 16
28 44
43 44
43 29
43 59
43 58
43 42
43 27
43 28
43 60
59 60
59 44
59 75
59 74
59 58
59 42
59 43
59 76
75 76
75 60
75 74
75 58
75 59
15 16
15 7
15 27
15 26
15 28
27 28
27 16
27 42
27 41
27 26
27 15
27 43
42 43
42 28
42 58
42 57
42 41
42 26
42 27
42 59
58 59
58 43
58 74
58 73
58 57
58 41
58 42
58 75
74 75
74 59
74 73
74 57
74 58
26 27
26 15
26 41
26 40
26 42
41 42
41 27
41 57
41 56
41 40
41 26
41 58
57 58
57 42
57 73
57 72
57 56
57 40
57 41
57 74
73 74
73 58
73 72
73 56
73 57
40 41
40 26
40 56
40 57
56 57
56 41
56 72
56 40
56 73
72 73
72 57
72 56
