234 259
234 258
234 233
234 209
259 286
259 285
259 258
259 233
259 234
286 313
286 285
286 258
286 259
185 209
185 208
185 184
185 162
209 233
209 232
209 208
209 184
209 185
209 234
233 234
233 258
233 257
233 232
233 208
233 209
233 259
258 259
258 234
258 285
258 284
258 257
258 232
258 233
258 286
285 286
285 259
285 313
285 312
285 284
285 257
285 258
313 286
313 338
313 312
313 284
313 285
162 184
162 183
162 161
162 142
162 185
184 185
184 208
184 207
184 183
184 161
184 162
184 209
208 209
208 185
208 232
208 231
208 207
208 183
208 184
208 233
232 233
232 209
232 257
232 256
232 231
232 207
232 208
232 258
257 258
257 233
257 284
257 283
257 256
257 231
257 232
257 285
284 285
284 258
284 312
284 311
284 283
284 256
284 257
284 313
312 313
312 285
312 338
312 337
312 311
312 283
312 284
338 313
338 362
338 361
338 337
338 311
338 312
362 361
362 337
362 338
142 161
142 160
142 141
142 123
142 162
161 162
161 183
161 182
161 160
161 141
161 142
161 184
183 184
183 162
183 207
183 206
183 182
183 160
183 161
183 208
207 208
207 184
207 231
207 230
207 206
207 182
207 183
207 232
231 232
231 208
231 256
231 255
231 230
231 206
231 207
231 257
256 257
256 232
256 283
256 282
256 255
256 230
256 231
256 284
283 284
283 257
283 311
283 310
283 282
283 255
283 256
283 312
311 312
311 284
311 337
311 336
311 310
311 282
311 283
311 338
337 338
337 312
337 361
337 360
337 336
337 310
337 311
337 362
361 362
361 338
361 384
361 360
361 336
361 337
105 123
105 122
105 104
123 141
123 140
123 122
123 104
123 105
123 142
141 142
141 160
141 159
141 140
141 122
141 123
141 161
160 161
160 142
160 182
160 181
160 159
160 140
160 141
160 183
182 183
182 161
182 206
182 205
182 181
182 159
182 160
182 207
206 207
206 183
206 230
206 229
206 205
206 181
206 182
206 231
230 231
230 207
230 255
230 254
230 229
230 205
230 206
230 256
255 256
255 231
255 282
255 281
255 254
255 229
255 230
255 283
282 283
282 256
282 310
282 309
282 281
282 254
282 255
282 311
310 311
310 283
310 336
310 335
310 309
310 281
310 282
310 337
336 337
336 311
336 360
336 359
336 335
336 309
336 310
336 361
360 361
360 337
360 384
360 383
360 359
360 335
360 336
384 361
384 405
384 404
384 383
384 359
384 360
405 425
405 424
405 404
405 383
405 384
425 445
425 444
425 424
425 404
425 405
445 465
445 464
445 444
445 424
445 425
465 484
465 483
465 464
465 444
465 445
484 503
484 502
484 483
484 464
484 465
503 520
503 502
503 483
503 484
104 105
104 122
104 121
104 103
104 123
122 123
122 105
122 140
122 139
122 121
122 103
122 104
122 141
140 141
140 123
140 159
140 158
140 139
140 121
140 122
140 160
159 160
159 141
159 181
159 180
159 158
159 139
159 140
159 182
181 182
181 160
181 205
181 204
181 180
181 158
181 159
181 206
205 206
205 182
205 229
205 228
205 204
205 180
205 181
205 230
229 230
229 206
229 254
229 253
229 228
229 204
229 205
229 255
254 255
254 230
254 281
254 280
254 253
254 228
254 229
254 282
281 282
281 255
281 309
281 308
281 280
281 253
281 254
281 310
309 310
309 282
309 335
309 334
309 308
309 280
309 281
309 336
335 336
335 310
335 359
335 358
335 334
335 308
335 309
335 360
359 360
359 336
359 383
359 382
359 358
359 334
359 335
359 384
383 384
383 360
383 404
383 403
383 382
383 358
383 359
383 405
404 405
404 384
404 424
404 423
404 403
404 382
404 383
404 425
424 425
424 405
424 444
424 443
424 423
424 403
424 404
424 445
444 445
444 425
444 464
444 463
444 443
444 423
444 424
444 465
464 465
464 445
464 483
464 482
464 463
464 443
464 444
464 484
483 484
483 465
483 502
483 501
483 482
483 463
483 464
483 503
502 503
502 484
502 520
502 519
502 501
502 482
502 483
520 503
520 519
520 501
520 502
103 104
103 121
103 120
103 102
103 122
121 122
121 104
121 139
121 138
121 120
121 102
121 103
121 140
139 140
139 122
139 158
139 157
139 138
139 120
139 121
139 159
158 159
158 140
158 180
158 179
158 157
158 138
158 139
158 181
180 181
180 159
180 204
180 203
180 179
180 157
180 158
180 205
204 205
204 181
204 228
204 227
204 203
204 179
204 180
204 229
228 229
228 205
228 253
228 252
228 227
228 203
228 204
228 254
253 254
253 229
253 280
253 279
253 252
253 227
253 228
253 281
280 281
280 254
280 308
280 307
280 279
280 252
280 253
280 309
308 309
308 281
308 334
308 333
308 307
308 279
308 280
308 335
334 335
334 309
334 358
334 357
334 333
334 307
334 308
334 359
358 359
358 335
358 382
358 381
358 357
358 333
358 334
358 383
382 383
382 359
382 403
382 402
382 381
382 357
382 358
382 404
403 404
403 383
403 423
403 422
403 402
403 381
403 382
403 424
423 424
423 404
423 443
423 442
423 422
423 402
423 403
423 444
443 444
443 424
443 463
443 462
443 442
443 422
443 423
443 464
463 464
463 444
463 482
463 481
463 462
463 442
463 443
463 483
482 483
482 464
482 501
482 500
482 481
482 462
482 463
482 502
501 502
501 483
501 519
501 518
501 500
501 481
501 482
501 520
519 520
519 502
519 533
519 518
519 500
519 501
102 103
102 120
102 119
102 101
102 121
120 121
120 103
120 138
120 137
120 119
120 101
120 102
120 139
138 139
138 121
138 157
138 156
138 137
138 119
138 120
138 158
157 158
157 139
157 179
157 178
157 156
157 137
157 138
157 180
179 180
179 158
179 203
179 202
179 178
179 156
179 157
179 204
203 204
203 180
203 227
203 226
203 202
203 178
203 179
203 228
227 228
227 204
227 252
227 251
227 226
227 202
227 203
227 253
252 253
252 228
252 279
252 278
252 251
252 226
252 227
252 280
279 280
279 253
279 307
279 306
279 278
279 251
279 252
279 308
307 308
307 280
307 333
307 332
307 306
307 278
307 279
307 334
333 334
333 308
333 357
333 356
333 332
333 306
333 307
333 358
357 358
357 334
357 381
357 380
357 356
357 332
357 333
357 382
381 382
381 358
381 402
381 401
381 380
381 356
381 357
381 403
402 403
402 382
402 422
402 421
402 401
402 380
402 381
402 423
422 423
422 403
422 442
422 441
422 421
422 401
422 402
422 443
442 443
442 423
442 462
442 461
442 441
442 421
442 422
442 463
462 463
462 443
462 481
462 480
462 461
462 441
462 442
462 482
481 482
481 463
481 500
481 499
481 480
481 461
481 462
481 501
500 501
500 482
500 518
500 517
500 499
500 480
500 481
500 519
518 519
518 501
518 533
518 532
518 517
518 499
518 500
533 519
533 532
533 517
533 518
101 102
101 119
101 118
101 100
101 120
119 120
119 102
119 137
119 136
119 118
119 100
119 101
119 138
137 138
137 120
137 156
137 155
137 136
137 118
137 119
137 157
156 157
156 138
156 178
156 177
156 155
156 136
156 137
156 179
178 179
178 157
178 202
178 201
178 177
178 155
178 156
178 203
202 203
202 179
202 226
202 225
202 201
202 177
202 178
202 227
226 227
226 203
226 251
226 250
226 225
226 201
226 202
226 252
251 252
251 227
251 278
251 277
251 250
251 225
251 226
251 279
278 279
278 252
278 306
278 305
278 277
278 250
278 251
278 307
306 307
306 279
306 332
306 331
306 305
306 277
306 278
306 333
332 333
332 307
332 356
332 355
332 331
332 305
332 306
332 357
356 357
356 333
356 380
356 379
356 355
356 331
356 332
356 381
380 381
380 357
380 401
380 400
380 379
380 355
380 356
380 402
401 402
401 381
401 421
401 420
401 400
401 379
401 380
401 422
421 422
421 402
421 441
421 440
421 420
421 400
421 401
421 442
441 442
441 422
441 461
441 460
441 440
441 420
441 421
441 462
461 462
461 442
461 480
461 479
461 460
461 440
461 441
461 481
480 481
480 462
480 499
480 498
480 479
480 460
480 461
480 500
499 500
499 481
499 517
499 516
499 498
499 479
499 480
499 518
517 518
517 500
517 532
517 531
517 516
517 498
517 499
517 533
532 533
532 518
532 531
532 516
532 517
100 101
100 118
100 119
118 119
118 101
118 136
118 100
118 137
136 137
136 119
136 155
136 118
136 156
155 156
155 137
155 177
155 136
155 178
177 178
177 156
177 201
177 155
177 202
201 202
201 178
201 225
201 177
201 226
225 226
225 202
225 250
225 201
225 251
250 251
250 226
250 277
250 225
250 278
277 278
277 251
277 305
277 250
277 306
305 306
305 278
305 331
305 277
305 332
331 332
331 306
331 355
331 305
331 356
355 356
355 332
355 379
355 331
355 380
379 380
379 356
379 400
379 355
379 401
400 401
400 380
400 420
400 379
400 421
420 421
420 401
420 440
420 400
420 441
440 441
440 421
440 460
440 420
440 461
460 461
460 441
460 479
460 440
460 480
479 480
479 461
479 498
479 460
479 499
498 499
498 480
498 516
498 479
498 517
516 517
516 499
516 531
516 498
516 532
531 532
531 517
531 516
