89
90
91
92
93
94
95
96
97
98
99
106
107
108
109
110
111
112
113
114
115
116
117
124
125
126
127
128
129
130
131
132
133
134
135
143
144
145
146
147
148
149
150
151
152
153
154
163
164
165
166
167
168
169
170
171
172
173
174
175
176
186
187
188
189
190
191
192
193
194
195
196
197
198
199
200
210
211
212
213
214
215
216
217
218
219
220
221
222
223
224
235
236
237
238
239
240
241
242
243
244
245
246
247
248
249
260
261
262
263
264
265
266
267
268
269
270
271
272
273
274
275
276
287
288
289
290
291
292
293
294
295
296
297
298
299
300
301
302
303
304
314
315
316
317
318
319
320
321
322
323
324
325
326
327
328
329
330
339
340
341
342
343
344
345
346
347
348
349
350
351
352
353
354
363
364
365
366
367
368
369
370
371
372
373
374
375
376
377
378
385
386
387
388
389
390
391
392
393
394
395
396
397
398
399
406
407
408
409
410
411
412
413
414
415
416
417
418
419
426
427
428
429
430
431
432
433
434
435
436
437
438
439
446
447
448
449
450
451
452
453
454
455
456
457
458
459
466
467
468
469
470
471
472
473
474
475
476
477
478
485
486
487
488
489
490
491
492
493
494
495
496
497
504
505
506
507
508
509
510
511
512
513
514
515
521
522
523
524
525
526
527
528
529
530
